141,160,784
77,196,462
12,139,8
73,2,602
135,47,767
123,7,189
149,118,855
80,11,307
49,13,669
144,104,252
45,169,250
100,104,458
134,85,840
65,128,484
161,6,252
132,155,931
67,175,854
128,115,670
58,5,201
55,82,920
45,75,141
59,176,863
104,41,351
76,186,82
127,122,955
111,181,835
41,144,953
158,171,362
55,86,556
91,90,765
80,168,585
182,56,825
32,157,658
132,126,106
181,187,526
69,190,699
198,109,646
157,164,323
163,104,244
164,28,597
135,116,182
20,9,8
87,45,160
52,137,679
111,31,876
17,114,543
134,194,856
19,193,996
52,118,588
36,43,285
54,177,393
22,174,426
166,5,58
23,53,669
191,128,393
158,167,419
192,4,543
150,72,347
168,156,506
93,66,709
124,48,246
130,42,744
60,94,103
16,161,232
199,56,986
138,166,385
111,109,563
61,184,588
164,72,34
121,52,95
22,163,405
116,24,914
79,119,632
156,14,496
94,111,872
165,119,35
68,96,977
127,72,516
124,47,127
144,11,689
145,181,460
179,155,575
174,108,669
75,102,485
68,12,19
118,95,882
67,143,461
154,54,876
48,144,740
86,8,505
67,145,41
58,87,791
36,145,378
81,38,564
93,158,555
188,122,859
78,114,122
83,12,996
68,94,758
145,190,479
19,82,389
157,59,247
145,171,922
25,159,55
138,53,925
38,113,478
81,71,537
67,24,185
35,179,908
89,39,831
169,8,163
21,75,702
37,155,587
116,128,967
169,144,81
149,45,890
74,60,200
115,112,855
185,136,861
18,54,519
9,134,864
102,8,497
137,43,144
118,190,942
51,29,486
112,21,604
127,170,623
6,18,435
16,57,524
130,86,716
133,161,326
58,177,984
77,101,212
67,32,340
49,174,651
177,41,275
78,97,24
66,178,443
160,5,184
75,118,649
19,183,794
40,46,786
122,128,960
195,129,713
75,76,870
108,181,308
182,108,514
96,186,573
18,66,246
39,172,479
89,133,790
147,138,707
117,52,398
124,142,205
39,157,734
99,45,184
76,51,676
166,86,788
16,160,830
156,151,9
21,1,816
70,44,804
178,23,867
196,149,438
111,172,381
64,124,204
59,169,708
175,29,57
163,155,793
174,84,934
135,103,405
62,79,797
184,95,395
77,174,280
191,75,142
172,16,929
18,146,520
129,139,638
178,145,791
168,142,282
124,85,964
85,185,358
67,142,333
163,99,863
160,195,72
150,90,445
193,110,821
64,164,901
97,133,999
18,168,816
173,144,776
159,199,853
187,26,917
96,6,725
102,89,123
135,130,788
102,94,260
102,48,769
143,131,957
81,127,270
163,113,665
86,195,360
17,147,281
102,104,962
32,71,735
183,90,211
70,15,966
33,29,550
31,180,799
7,164,644
92,129,482
5,171,138
5,87,171
38,6,402
17,148,119
66,119,69
168,61,190
37,162,842
87,89,271
25,184,686
118,11,395
197,134,600
26,58,802
129,186,211
60,152,272
101,99,704
14,97,711
170,156,626
123,125,721
162,38,623
186,4,490
16,114,442
108,74,798
60,187,7
166,169,450
147,106,370
84,25,553
189,1,244
183,193,168
178,89,291
36,130,777
103,19,806
44,49,539
13,168,425
30,31,330
152,165,794
30,125,462
192,183,958
152,45,971
34,83,661
140,77,650
15,37,289
196,170,421
148,125,373
51,39,272
10,21,590
10,30,235
63,148,879
101,62,23
102,64,936
11,43,195
79,58,615
107,94,494
103,67,108
161,104,898
54,67,2
102,1,417
37,80,345
133,4,310
188,151,658
23,75,134
153,50,688
193,178,267
41,176,386
105,156,85
194,89,512
69,172,539
56,75,916
103,3,750
171,42,185
55,187,431
119,111,32
51,111,793
101,30,522
27,183,25
154,76,946
100,102,667
92,117,411
9,102,904
173,31,656
44,58,679
117,13,739
28,40,836
42,118,485
189,71,527
183,80,244
53,79,43
55,40,779
70,61,173
179,90,512
106,23,114
109,175,271
68,190,564
83,37,824
37,169,216
14,167,685
119,121,343
181,65,87
54,177,301
44,195,679
185,163,178
199,22,126
110,26,490
134,128,771
177,16,925
169,191,210
30,180,850
10,16,87
62,177,596
183,131,472
103,62,655
70,163,877
114,36,992
111,84,817
138,189,367
131,152,225
72,50,256
164,79,366
163,195,111
22,197,326
95,184,894
132,157,594
129,143,227
75,86,239
104,68,633
162,198,417
135,122,975
26,176,100
130,16,979
177,79,734
113,176,186
115,95,844
114,75,381
38,150,891
100,94,32
185,23,792
22,64,757
48,69,254
51,79,806
160,139,59
167,95,830
35,166,646
38,113,25
167,14,281
55,52,15
98,184,627
104,148,105
135,76,331
88,156,610
38,76,967
24,116,249
96,134,49
21,188,414
134,170,308
47,107,103
64,159,827
133,155,782
80,151,425
36,32,589
174,9,591
71,132,724
131,120,937
31,63,408
56,197,718
34,173,684
60,3,655
54,65,393
99,145,943
122,193,156
147,136,128
180,117,513
53,45,212
174,177,811
45,62,686
35,151,464
116,13,253
14,151,279
49,74,299
41,145,226
174,9,134
130,92,663
125,50,908
163,146,49
133,187,708
151,101,795
51,177,53
96,87,883
196,154,883
187,54,558
36,90,364
56,137,805
67,28,8
183,134,629
191,145,643
33,50,21
34,173,439
74,2,422
54,155,416
164,25,494
118,155,413
23,184,279
137,73,629
37,49,687
15,7,750
8,55,633
138,53,559
19,112,348
8,189,610
92,167,993
198,143,273
168,103,191
64,199,523
18,5,493
126,79,448
173,11,985
10,84,692
28,46,300
6,24,653
118,20,637
30,22,501
22,13,830
145,69,689
64,60,760
38,131,378
127,123,110
122,191,176
17,103,290
193,87,670
159,181,203
110,108,873
104,179,457
51,161,142
159,76,244
140,121,866
134,121,92
81,52,795
64,86,319
11,191,522
70,110,155
35,187,997
35,87,586
169,2,559
135,173,838
174,169,40
3,92,808
119,2,234
25,67,185
194,75,198
180,143,810
10,71,321
54,118,895
155,72,141
135,200,661
148,127,961
200,29,902
107,153,207
121,72,583
145,100,273
19,102,339
151,92,941
83,72,18
66,75,178
184,11,991
157,179,459
16,133,344
50,194,20
6,193,755
16,37,588
116,195,826
54,48,165
67,3,780
97,147,864
65,150,194
191,66,389
189,68,545
163,89,797
129,188,38
153,13,795
97,55,264
197,23,56
52,37,410
157,88,714
177,165,940
163,197,670
56,193,118
56,142,945
140,115,59
36,11,416
170,16,611
88,166,138
86,33,854
46,98,699
114,1,522
106,51,841
190,176,31
183,99,315
163,196,238
129,89,316
92,123,313
157,101,797
68,145,76
81,71,367
93,82,750
69,43,276
139,38,119
186,147,931
34,46,579
88,84,682
146,133,513
168,174,795
98,179,311
136,170,192
157,79,133
166,14,213
176,105,92
182,146,254
43,136,452
129,189,293
184,22,431
22,14,742
148,169,819
191,133,225
115,122,789
126,185,218
180,150,658
149,108,537
132,126,134
188,6,876
75,179,611
101,81,134
170,111,927
92,189,159
96,148,674
117,30,723
73,91,717
145,72,609
193,103,807
188,12,975
93,18,466
107,186,726
177,185,618
81,143,979
171,165,200
83,166,744
1,115,228
167,147,967
86,138,352
184,50,500
59,8,959
65,171,649
128,145,322
33,176,359
191,85,603
122,200,41
137,9,997
21,190,716
8,136,72
186,85,869
29,10,849
140,115,952
58,12,498
85,161,31
33,101,475
6,58,556
96,107,659
20,67,437
18,107,237
126,114,920
125,36,353
151,196,600
31,188,769
16,111,422
192,40,978
73,52,172
200,95,896
62,193,820
34,132,990
186,35,721
163,73,419
2,147,390
191,24,33
4,45,158
191,172,373
43,128,335
121,127,832
88,30,642
10,13,749
73,192,40
72,177,372
73,115,504
191,109,19
3,184,704
168,182,684
33,24,647
128,177,864
119,129,804
24,161,681
81,35,901
19,125,553
133,1,411
140,154,906
82,49,42
167,186,733
65,15,29
94,41,333
197,173,88
85,63,3
113,160,274
11,8,671
32,143,590
12,140,759
184,130,948
60,186,964
132,24,153
59,66,223
93,66,154
44,193,318
38,164,649
199,44,415
161,155,173
165,166,303
151,82,135
65,11,871
151,135,646
30,49,254
23,10,733
161,90,311
59,49,371
89,93,874
17,119,673
72,67,899
109,32,220
15,172,677
44,71,466
122,121,160
115,198,881
107,162,206
32,23,429
95,79,876
187,42,826
64,115,331
70,84,453
113,166,629
61,51,257
83,65,637
3,186,224
109,133,451
56,66,338
105,40,223
134,2,602
22,66,463
19,114,463
191,198,515
1,51,785
126,159,373
77,184,674
126,118,677
138,1,676
182,92,919
156,30,171
152,192,338
1,189,192
148,8,459
22,56,874
182,159,878
100,83,475
134,88,604
189,1,948
38,190,645
121,188,601
173,100,612
54,160,260
161,41,552
21,66,806
139,134,119
101,196,46
133,148,641
151,115,318
165,120,177
37,9,277
73,56,252
88,120,594
9,158,246
123,17,483
123,163,331
173,53,827
29,192,577
191,116,239
160,48,6
26,63,578
17,102,156
129,114,880
145,46,560
13,77,102
60,103,632
114,55,297
139,132,595
197,134,417
60,78,265
167,38,114
28,142,975
26,123,377
138,74,569
87,173,880
117,168,173
47,191,2
42,182,24
148,194,377
16,20,747
17,113,760
36,198,62
44,126,250
140,49,142
127,133,554
8,196,961
60,143,212
92,43,918
122,32,791
21,163,169
101,147,576
108,63,828
111,74,325
185,9,310
177,171,714
102,58,512
94,2,753
65,119,555
50,52,858
82,155,266
190,158,407
189,79,796
53,161,288
188,145,978
82,39,724
156,90,559
49,173,78
130,86,442
142,160,303
124,50,270
2,159,264
105,73,163
46,195,872
71,135,770
107,166,560
143,108,182
151,198,70
5,53,966
106,132,364
180,45,957
8,53,403
87,126,450
146,176,216
122,112,644
36,138,376
26,149,496
139,112,574
124,116,469
121,80,187
64,95,221
1,164,170
189,128,363
162,68,751
166,191,992
143,148,872
52,22,359
125,37,382
11,189,273
182,178,163
77,94,616
68,10,520
84,73,883
65,3,177
129,6,641
17,5,965
140,143,387
147,166,187
176,89,924
147,48,997
72,187,777
138,134,953
78,87,834
151,101,525
177,159,497
34,24,187
35,119,540
35,61,500
143,52,517
173,3,336
107,75,436
68,123,457
171,186,472
82,136,482
156,92,614
80,170,843
100,102,986
155,153,306
136,106,500
49,132,831
72,20,496
101,145,905
126,120,508
128,83,383
188,186,147
111,74,33
189,30,261
160,119,937
108,120,655
25,57,92
119,44,182
155,193,114
37,4,339
17,130,337
78,178,480
200,134,136
104,36,100
20,160,535
18,36,208
196,191,297
110,10,186
119,173,350
172,68,541
91,181,991
61,63,601
18,42,269
8,4,292
102,163,260
87,146,214
14,69,170
74,161,494
90,167,299
49,147,763
190,154,121
155,190,677
175,130,142
146,28,564
18,135,951
88,146,597
23,171,271
98,99,946
40,44,539
81,74,369
21,70,981
145,160,232
73,159,310
141,27,925
160,55,111
7,141,444
2,31,513
47,117,302
37,125,807
170,158,104
193,132,645
136,31,894
192,174,623
44,114,10
10,185,48
101,80,108
194,46,521
47,169,824
21,73,709
99,37,569
31,109,22
97,121,857
30,11,179
44,95,454
7,103,611
23,68,670
116,167,381
91,199,335
17,192,223
148,195,18
6,20,703
175,13,549
81,25,774
74,159,626
57,104,985
67,102,114
87,72,853
60,52,347
178,107,159
53,49,357
72,30,567
152,10,718
110,147,137
84,152,294
146,18,851
25,3,604
142,174,16
198,166,465
66,30,235
172,167,459
171,49,198
189,44,265
52,43,232
184,155,846
6,131,537
111,200,639
143,92,824
81,82,810
81,156,576
154,142,47
35,128,477
199,40,102
25,153,770
29,149,952
112,116,582
145,57,857
74,169,354
19,84,155
95,185,280
129,44,961
86,95,715
72,25,247
14,137,402
20,50,163
174,95,425
75,46,218
50,194,114
61,5,750
14,92,984
153,164,218
130,118,615
57,131,328
95,10,322
69,96,136
158,121,28
175,135,824
165,54,479
40,102,395
69,116,593
1,162,120
72,59,645
51,86,323
107,128,109
119,131,178
131,108,455
179,37,203
162,139,975
59,88,47
42,147,772
15,198,288
126,90,735
150,93,517
173,100,732
135,7,891
103,9,220
197,50,774
146,186,238
167,32,754
152,88,841
3,135,6
12,140,825
78,102,772
172,37,25
186,98,148
22,14,520
142,140,55
69,138,336
13,168,803
6,177,64
176,162,809
30,165,916
79,126,43
35,121,489
158,190,259
89,80,641
159,184,393
38,131,612
51,95,201
92,120,111
38,37,605
23,100,410
141,81,323
74,20,492
174,22,148
48,72,676
33,103,631
89,100,693
92,78,923
183,48,304
99,45,129
96,43,90
156,163,390
178,3,75
167,87,129
180,163,954
173,142,719
100,61,230
110,51,890
68,132,843
16,113,375
56,173,733
189,48,185
95,199,786
94,52,719
200,23,705
157,143,796
196,141,463
145,2,586
145,142,132
7,97,357
32,56,184
137,167,16
50,171,184
84,189,440
158,60,111
95,159,514
98,130,712
62,150,154
119,9,515
128,139,768
130,126,457
170,65,791
74,80,729
17,59,685
82,158,131
130,114,683
186,91,536
197,140,882
84,189,2
27,87,384
87,99,56
198,9,203
29,58,643
158,193,770
152,36,330
140,29,87
70,166,533
102,82,454
9,166,620
97,29,39
33,78,880
185,184,300
32,20,114
177,3,267
140,71,698
13,164,120
165,138,386
58,57,878
96,5,128
9,42,645
124,2,748
187,123,695
48,6,166
130,33,249
62,35,287
102,44,503
33,13,978
138,58,590
111,97,737
50,11,674
114,170,883
4,54,766
66,179,950
84,150,614
81,152,19
74,95,44
140,137,498
106,62,879
181,199,28
195,156,705
150,16,117
187,116,891
129,147,360
66,177,887
65,179,729
163,16,445
17,40,729
97,35,986
199,28,799
61,186,67
49,166,944
182,189,12
66,69,818
94,84,99
89,92,323
97,78,921
37,176,348
76,3,833
46,43,424
46,145,706
142,170,634
71,165,543
10,150,965
188,163,113
127,194,665
8,151,485
83,120,228
70,139,767
147,132,524
102,113,242
163,138,678
24,14,375
176,137,193
153,60,900
94,44,858
126,99,134
123,43,675
189,127,974
114,45,740
108,185,558
106,4,812
198,13,277
126,121,630
157,21,311
55,145,477
108,191,938
175,65,40
8,193,409
59,28,440
65,38,618
143,7,967
182,103,483
182,64,824
57,62,322
130,89,244
35,159,5
163,117,649
169,7,973
185,109,500
61,63,200
27,167,29
103,153,907
61,55,755
113,4,771
184,97,836
55,126,397
132,37,121
102,166,269
29,161,21
172,185,735
43,174,43
119,90,592
82,56,461
95,168,957
57,18,265
13,198,308
105,107,566
157,121,362
41,104,204
122,138,454
17,155,345
27,139,927
61,182,275
5,45,582
165,147,13
26,187,545
130,191,545
45,8,135
123,60,335
165,1,356
153,186,653
179,135,370
63,133,737
133,186,309
162,114,403
16,125,575
175,111,810
182,87,190
145,28,492
11,163,491
40,88,768
73,23,484
134,162,436
13,27,218
153,93,915
137,93,15
176,141,967
149,82,485
112,13,82
162,35,767
123,161,947
130,144,863
51,7,214
194,55,751
62,189,866
151,29,83
16,49,562
43,17,117
170,136,471
198,126,859
76,21,986
39,45,383
108,58,609
155,133,151
191,89,638
142,86,782
155,86,255
54,139,429
119,171,738
53,94,562
31,48,151
15,60,583
64,104,143
178,144,540
63,30,440
121,75,427
133,176,806
131,31,597
200,175,932
174,134,571
137,50,174
111,67,99
158,129,871
62,161,55
93,172,786
11,162,993
1,85,908
88,117,590
87,154,251
193,81,747
135,103,228
23,80,87
165,100,780
55,187,955
59,93,792
151,168,17
161,53,822
101,126,215
96,126,213
166,193,320
151,73,21
132,109,46
141,103,118
174,71,73
48,163,135
128,48,159
167,60,487
103,112,228
151,147,473
101,89,399
34,23,980
96,70,591
62,192,590
54,117,383
167,39,368
2,183,197
23,136,873
49,118,365
41,143,113
199,118,845
136,160,752
61,125,642
54,190,810
138,122,304
160,131,691
96,193,521
175,13,612
75,162,421
25,179,370
43,188,504
109,20,126
185,38,796
155,25,136
160,184,93
88,1,909
170,143,34
163,67,673
93,139,493
192,172,144
146,98,886
142,144,289
4,77,104
28,63,309
158,187,581
14,153,831
192,52,379
72,174,291
7,5,95
29,190,749
167,55,239
177,57,326
104,30,553
96,86,717
184,173,412
69,135,784
9,159,714
105,5,750
58,56,671
51,22,117
65,145,740
176,62,769
128,29,1
17,176,606
182,161,271
82,11,666
185,177,915
36,29,220
15,164,960
52,109,260
74,166,973
141,108,365
196,156,114
114,86,690
199,52,874
31,49,165
112,128,210
44,60,400
59,91,970
129,165,532
88,93,922
33,111,142
54,194,106
100,163,484
100,76,620
168,117,258
153,184,417
90,132,818
39,122,48
185,80,105
95,101,848
170,70,236
9,167,81
67,99,957
126,168,236
154,179,398
36,87,34
109,4,76
87,64,13
6,80,38
70,84,27
6,164,291
149,31,981
109,194,770
96,128,946
69,18,570
27,174,549
13,134,727
41,25,149
128,54,403
173,8,736
173,105,344
130,37,177
82,178,117
83,56,544
175,43,322
141,174,855
120,170,715
5,200,73
174,24,417
187,93,483
5,199,555
192,128,1
164,179,427
119,128,500
60,75,393
34,13,391
64,65,175
92,124,940
153,39,149
40,15,857
24,184,630
128,178,383
77,109,55
175,83,583
139,20,10
34,199,195
188,113,215
127,31,693
177,154,314
184,115,100
40,49,9
20,51,846
172,102,940
90,112,724
107,186,538
38,24,194
177,146,414
4,37,295
26,11,727
194,71,698
38,13,482
146,54,233
158,159,348
189,135,940
110,103,582
131,179,263
78,107,955
95,111,560
19,88,621
176,123,65
11,101,962
43,166,512
52,25,798
32,151,230
172,35,62
152,36,576
193,93,308
52,119,20
62,105,678
189,104,743
99,149,504
181,9,312
190,175,603
137,106,78
12,30,348
29,15,471
134,190,33
96,112,717
163,94,306
197,182,562
40,71,297
124,63,473
16,156,204
102,98,671
12,61,127
94,187,156
161,13,932
140,141,872
179,184,562
154,135,727
34,38,539
42,137,919
34,22,480
87,60,210
88,26,619
120,31,690
17,85,575
78,69,227
131,66,135
143,67,611
176,91,266
52,176,359
135,118,954
170,124,968
107,42,236
159,132,560
190,86,261
112,33,748
116,161,412
164,163,608
148,47,534
163,82,530
170,68,648
159,14,549
138,155,339
14,147,416
67,172,182
111,104,838
196,127,621
37,142,774
31,155,742
139,72,586
70,5,357
188,72,77
169,21,322
95,23,590
159,1,900
93,97,861
182,11,552
187,200,791
124,195,700
153,34,481
50,1,560
80,168,36
95,35,668
67,190,366
88,105,758
38,125,581
21,170,997
122,173,492
147,63,593
176,129,656
164,190,470
126,105,477
101,70,252
190,105,337
149,113,433
104,167,586
173,4,96
63,173,624
160,162,910
29,54,214
132,57,707
144,189,104
136,168,537
96,157,660
164,67,537
125,6,356
25,10,285
105,155,934
61,5,688
164,70,948
8,3,399
41,72,201
76,3,583
90,133,205
197,133,193
177,48,851
184,175,531
52,195,40
190,12,875
28,164,191
72,159,363
71,18,211
129,179,202
58,13,719
99,174,134
80,198,495
1,76,863
92,181,707
108,3,350
187,160,31
152,94,251
40,188,585
109,13,175
101,109,161
28,153,143
82,121,39
133,110,515
87,165,635
134,112,195
148,102,438
80,17,169
103,192,943
177,91,602
53,197,222
57,7,468
165,200,405
125,185,631
112,126,136
43,131,547
127,164,276
55,53,588
37,53,410
199,11,500
45,152,105
150,164,656
34,45,587
102,93,979
17,37,291
163,85,942
119,174,815
19,51,285
59,58,34
81,65,420
69,58,744
168,10,637
107,63,817
47,49,859
123,75,424
99,70,823
4,14,970
121,70,203
32,139,865
37,191,986
182,60,363
109,1,672
181,79,386
197,47,715
176,158,692
115,198,720
156,126,291
36,54,605
50,73,268
153,117,321
57,151,861
154,177,54
58,131,813
149,70,418
34,187,209
168,189,1
116,155,193
161,64,901
158,80,352
170,129,281
82,56,610
129,117,916
158,62,209
125,26,604
150,8,419
110,62,653
164,73,736
126,188,713
140,79,219
81,6,393
108,157,583
182,54,569
153,46,944
145,88,604
188,110,194
16,108,193
33,105,816
191,64,910
114,142,163
162,11,919
4,33,805
22,183,703
132,85,460
126,29,564
100,126,809
26,35,414
184,152,522
73,28,788
122,90,533
51,168,314
85,166,146
38,105,423
90,33,565
60,73,454
159,75,966
112,155,260
18,91,293
56,12,648
135,19,327
24,193,697
19,66,601
163,55,375
167,67,706
35,108,643
22,94,684
5,30,93
172,39,636
130,18,796
188,198,490
43,3,560
81,57,548
167,165,805
200,135,792
99,126,881
131,91,225
195,162,97
36,160,352
91,125,946
50,54,264
47,64,752
192,53,415
30,40,326
180,115,129
39,146,550
66,75,714
25,62,895
128,195,389
109,192,569
63,182,854
113,80,739
168,163,44
152,154,581
156,85,167
87,78,180
153,52,516
50,115,509
122,187,100
153,89,103
111,63,154
138,71,976
21,169,18
43,122,368
137,176,526
198,185,253
83,26,751
106,81,907
21,37,898
160,63,832
156,199,792
47,60,385
114,35,76
39,70,209
27,106,616
23,26,814
136,105,143
12,170,411
131,127,975
111,185,241
125,71,637
6,107,529
71,13,608
75,148,333
123,56,179
116,51,319
13,186,655
197,144,325
24,75,397
87,21,924
109,189,785
150,53,207
69,14,994
183,3,553
83,86,437
63,73,280
2,22,963
129,107,507
129,144,983
130,139,641
125,15,387
47,152,147
93,108,978
145,97,958
118,117,269
178,93,414
99,63,276
5,22,78
142,140,6
171,111,747
107,181,84
40,45,124
143,127,181
152,81,185
121,44,125
92,62,469
33,23,127
127,69,526
78,137,257
38,176,103
10,8,272
61,76,613
103,3,650
97,190,344
90,163,866
55,108,606
9,36,160
94,69,668
170,121,256
99,185,481
141,81,713
136,75,31
22,151,941
14,59,871
46,24,399
198,1,490
112,35,224
12,62,552
176,160,707
52,97,161
88,181,131
142,132,24
5,123,153
141,169,714
194,19,276
85,43,272
192,82,685
97,38,412
44,150,268
166,72,821
183,90,376
156,42,524
166,5,367
101,39,251
109,81,146
193,182,416
94,120,244
127,149,927
176,52,675
74,123,728
100,112,951
5,13,504
30,147,651
125,73,466
18,200,457
5,10,8
9,135,333
80,180,922
181,110,755
181,12,797
193,176,748
193,102,193
13,177,38
104,148,974
139,131,882
33,143,975
151,169,2
98,174,475
91,5,735
178,46,563
102,28,239
126,88,347
116,77,92
3,40,617
187,95,419
170,74,777
170,19,994
10,180,807
120,173,483
151,188,54
11,165,739
77,71,562
179,141,737
145,117,294
181,116,32
47,193,905
54,120,682
18,64,733
14,130,251
59,49,478
117,23,690
151,195,926
39,129,649
127,94,742
179,53,890
116,75,51
11,92,320
47,147,421
78,167,304
83,104,267
170,14,970
144,165,412
70,141,111
105,25,34
120,29,6
31,91,232
186,20,383
41,67,667
128,9,397
149,179,983
131,85,217
32,184,500
31,193,623
15,110,961
144,55,33
20,46,416
74,15,965
38,70,240
185,138,151
114,53,202
134,8,917
86,185,197
183,86,191
30,77,905
169,186,975
82,193,424
27,84,636
114,105,393
105,116,100
163,200,807
172,37,835
165,196,998
170,186,19
183,172,889
151,186,777
196,18,946
30,103,458
21,80,82
128,162,909
95,121,742
148,76,994
151,137,701
134,92,991
45,132,642
10,2,93
194,46,131
35,187,85
168,9,931
138,119,786
155,47,882
84,28,90
139,186,482
54,200,790
114,170,536
130,55,864
27,3,615
38,147,514
68,72,336
72,104,411
150,97,335
85,99,339
157,170,836
14,53,229
152,137,225
41,26,399
62,162,902
69,31,868
149,144,982
194,139,769
150,16,222
148,199,820
152,180,454
77,86,356
23,71,528
118,151,18
153,94,474
133,44,166
180,60,646
73,85,862
28,121,384
20,190,412
121,106,527
87,44,668
172,186,189
18,186,14
63,173,799
61,161,90
167,155,395
98,17,999
74,1,990
115,87,455
161,39,935
185,8,619
128,93,831
194,175,473
101,3,307
176,7,204
75,170,406
171,81,462
67,152,511
189,125,629
132,182,612
64,50,382
13,6,76
29,120,785
75,94,622
87,52,575
61,73,225
81,117,606
110,80,597
184,67,355
36,4,332
144,61,60
184,140,71
95,21,126
142,193,252
167,157,874
75,82,321
118,166,517
168,144,117
129,33,499
17,85,822
62,52,11
27,28,43
68,59,768
103,129,508
144,105,675
126,61,714
108,59,543
31,159,421
119,169,601
11,26,429
43,136,64
156,80,304
7,91,153
120,85,131
17,88,267
189,166,462
75,196,706
157,120,268
6,159,944
2,23,712
140,165,910
66,25,141
119,126,347
175,169,883
162,150,26
199,153,201
170,38,139
1,79,211
119,88,97
3,88,851
95,54,129
74,171,415
156,197,366
58,146,39
185,88,148
198,175,698
127,176,406
17,45,693
112,60,918
117,33,540
54,193,449
10,197,350
160,79,224
193,111,868
19,184,642
117,13,289
131,74,315
19,68,905
173,57,128
195,145,258
165,2,432
24,108,951
182,51,922
136,155,833
90,122,248
126,191,315
5,37,360
64,56,406
64,62,147
73,174,47
11,59,195
176,70,333
154,156,401
96,85,568
82,3,179
174,85,187
157,182,679
66,141,410
192,110,244
197,156,843
139,97,74
147,119,846
92,53,315
89,189,779
31,164,141
115,190,243
45,72,834
30,161,522
167,100,205
147,67,820
78,62,73
34,149,618
136,81,129
57,152,37
118,200,320
149,123,125
8,54,178
37,90,632
109,16,709
144,174,803
33,43,606
97,154,321
90,84,202
31,193,432
96,60,111
37,99,568
126,93,525
31,152,191
17,170,752
61,149,658
42,32,669
32,131,719
134,133,337
116,131,263
28,129,101
112,196,340
148,92,981
26,66,147
13,112,214
28,93,599
25,134,644
189,6,289
25,199,745
147,74,596
175,72,458
138,81,561
39,20,479
37,54,664
110,29,217
37,115,944
30,168,288
115,133,817
168,175,769
88,47,963
127,187,471
84,133,492
137,4,617
151,132,66
142,116,117
160,158,705
103,143,267
61,151,927
149,78,799
149,88,757
192,31,180
152,122,143
169,162,64
65,58,379
6,69,230
136,186,356
51,78,374
99,62,32
122,77,826
148,37,391
100,42,392
24,56,659
200,40,471
166,172,312
41,46,127
117,148,907
143,111,465
9,11,168
139,95,509
24,25,235
3,54,984
11,49,36
35,118,18
109,155,704
198,77,727
9,198,568
29,196,530
57,23,573
178,55,374
82,97,480
189,110,89
36,34,234
45,128,149
8,151,928
125,10,597
189,124,144
163,37,150
68,165,413
200,159,223
110,188,268
187,166,858
91,34,692
55,3,578
92,161,72
164,10,277
13,20,473
73,168,643
54,141,593
25,36,922
65,113,93
184,136,558
147,137,777
101,157,107
64,98,657
86,24,209
184,51,50
14,169,262
121,146,530
33,88,581
98,154,363
16,129,693
78,31,611
51,38,723
106,189,201
198,110,893
8,30,810
198,163,457
11,146,439
124,66,355
71,46,419
76,199,336
169,12,178
90,33,240
8,52,563
69,51,26
120,105,715
10,100,873
118,171,809
33,82,369
55,158,260
8,155,293
99,39,811
163,157,316
21,11,763
169,107,62
73,44,945
124,148,637
165,122,847
14,63,877
24,130,783
115,182,99
169,157,340
4,40,859
183,200,975
130,140,390
158,137,567
22,21,436
42,111,975
172,121,812
44,145,716
74,136,462
165,68,82
11,145,535
49,31,250
117,138,45
42,132,75
29,187,805
85,103,500
142,103,848
160,104,636
25,135,781
50,64,400
50,191,174
148,79,205
11,56,605
122,168,155
43,198,711
158,155,714
93,13,398
166,187,407
59,73,653
116,37,586
119,165,324
28,196,169
134,116,739
96,142,517
70,98,648
66,156,231
176,156,875
116,9,487
22,84,56
103,166,639
169,47,84
137,39,663
132,60,275
91,187,718
173,66,752
54,140,239
169,31,93
22,111,936
161,173,140
28,12,832
173,30,485
72,30,7
25,78,592
85,41,851
185,86,33
148,160,810
81,69,470
90,4,795
194,199,5
86,14,285
19,128,937
9,175,682
190,84,715
109,29,487
75,83,272
173,51,525
199,69,508
18,112,404
42,178,907
67,104,42
98,196,24
178,131,573
151,39,51
76,120,20
103,156,256
172,116,338
132,191,746
87,58,235
84,64,944
56,95,369
63,35,251
114,134,296
125,103,838
187,55,313
68,163,509
103,70,780
50,42,338
116,134,29
41,164,235
197,121,784
7,60,752
4,63,510
90,184,675
121,198,271
144,2,601
130,179,578
69,39,806
69,23,924
157,130,551
85,163,842
37,145,634
59,138,15
140,10,175
120,196,635
11,74,916
130,159,193
156,74,121
126,61,922
44,187,29
157,104,634
13,11,244
184,164,594
178,98,363
95,113,455
139,199,775
74,3,313
78,175,956
132,7,842
177,25,806
118,145,626
198,139,337
92,64,842
1,118,168
8,68,840
84,66,24
102,6,694
71,77,531
84,171,977
196,29,425
124,178,510
30,24,351
52,131,405
78,70,723
180,13,267
106,146,976
21,71,500
75,114,184
170,131,98
88,159,545
76,186,230
160,10,64
36,118,56
171,87,36
131,106,876
136,126,9
41,178,371
127,66,276
21,11,851
189,74,138
132,1,967
22,25,796
102,137,798
185,189,31
3,95,122
54,8,782
59,176,435
123,136,723
89,4,521
83,186,458
14,40,420
4,53,439
13,173,293
40,127,381
156,78,55
142,139,775
116,95,904
150,80,337
161,158,260
28,169,338
93,42,668
137,103,798
171,55,441
194,41,101
19,35,699
83,61,837
172,170,933
142,66,279
38,151,618
140,97,189
103,140,507
152,190,660
129,81,681
45,127,640
10,31,639
150,112,601
145,200,244
94,83,366
164,103,141
67,194,568
41,125,413
43,97,301
195,12,147
96,185,846
72,111,477
91,90,376
48,41,220
134,187,166
115,127,122
100,68,953
24,173,679
7,120,527
161,74,860
173,89,927
50,171,97
126,118,270
98,105,463
66,18,634
24,142,865
4,197,702
196,170,209
134,194,618
25,76,479
112,137,348
40,198,107
172,34,240
165,174,117
151,111,575
28,31,770
83,101,214
68,173,414
98,183,995
47,132,692
155,4,679
13,28,448
139,82,430
120,60,820
123,55,294
82,187,803
27,74,190
94,56,184
42,111,745
4,39,217
131,177,259
59,61,61
49,112,791
3,60,283
19,82,825
35,29,486
23,64,592
193,197,295
11,54,788
66,186,334
86,146,365
21,65,529
20,153,322
149,33,9
114,7,16
102,48,643
37,175,171
154,140,875
128,188,881
146,197,492
146,126,931
79,160,554
52,22,517
101,164,336
58,181,551
141,31,201
194,41,656
77,151,137
171,74,999
148,183,680
143,195,103
152,99,380
116,144,44
35,32,468
55,21,320
95,22,1000
139,29,979
39,70,624
95,3,936
192,90,962
17,44,88
138,86,801
189,19,527
15,23,986
161,22,328
170,100,320
175,194,605
22,84,87
45,9,160
132,53,324
106,124,353
58,18,118
76,79,159
25,138,836
180,178,602
145,81,877
161,56,908
151,63,316
41,32,746
70,5,235
168,2,206
169,80,398
135,119,788
175,147,627
153,26,428
127,21,220
154,134,272
143,140,404
53,115,25
117,165,615
132,67,222
17,111,896
158,173,275
47,144,449
183,35,172
83,178,487
32,72,785
39,196,850
48,24,272
156,69,905
123,135,979
134,191,206
143,82,169
193,60,29
48,168,135
140,194,992
159,24,436
127,114,14
194,63,120
46,40,183
116,12,753
59,64,754
59,34,666
173,128,934
91,6,450
169,1,515
173,113,142
92,81,189
149,33,193
19,32,277
13,188,554
25,47,726
151,183,552
25,100,550
179,136,901
110,137,69
50,166,171
106,19,552
109,129,167
82,9,108
46,161,392
115,72,970
194,191,191
96,63,514
176,49,14
58,138,56
21,107,201
120,69,845
197,143,387
91,114,619
75,173,332
199,114,94
79,54,870
183,106,519
132,70,907
125,81,404
77,69,190
170,69,559
169,190,998
87,184,550
109,179,782
28,145,516
26,190,437
12,196,118
152,195,160
70,173,768
192,68,594
135,76,539
189,145,242
75,26,329
10,134,886
74,128,933
72,149,548
188,154,566
104,144,486
165,183,762
139,131,679
95,196,903
147,64,912
74,32,709
34,147,909
186,77,456
24,147,105
59,66,269
123,38,700
170,158,684
60,173,284
61,36,545
109,161,190
102,161,637
33,23,31
152,116,738
78,186,781
75,163,24
120,107,186
109,102,849
35,149,643
149,153,137
106,132,549
13,156,924
27,32,717
134,1,605
72,29,146
125,163,678
8,29,671
159,67,584
12,25,237
33,151,219
111,145,857
151,8,63
175,62,281
105,133,685
184,65,965
113,127,985
21,191,618
105,87,198
58,72,371
135,6,50
95,128,575
65,113,28
43,97,875
77,58,914
32,154,239
129,146,39
154,36,755
140,16,181
76,68,316
9,108,579
113,96,189
124,96,193
47,58,929
156,192,826
200,34,212
134,98,691
176,47,940
15,123,912
143,29,502
88,106,350
87,113,119
136,45,330
156,59,180
11,54,403
6,198,625
85,126,75
5,42,405
164,74,695
21,88,647
195,125,803
169,189,934
134,102,390
121,177,887
163,194,679
172,157,608
75,196,767
61,141,722
172,77,260
7,77,545
113,104,101
133,81,15
40,151,920
26,189,950
175,163,498
12,125,14
158,25,351
9,31,303
68,147,836
95,78,556
9,198,895
157,177,624
173,180,183
68,53,820
32,122,487
153,110,386
12,3,732
59,149,743
159,138,350
90,46,159
192,45,377
6,52,626
155,163,35
136,101,237
10,119,625
24,8,911
129,115,714
21,47,577
97,15,38
170,67,315
179,32,166
45,154,564
59,127,156
98,126,807
27,16,889
29,23,113
196,160,134
64,106,880
75,194,690
108,181,106
177,92,239
92,199,566
195,150,46
101,94,834
45,69,505
161,55,950
37,2,903
84,22,416
125,72,142
40,6,777
20,179,282
150,158,409
5,106,190
51,50,152
38,133,69
46,58,94
142,85,266
115,109,829
60,3,667
9,22,319
96,79,42
198,99,438
24,97,329
146,5,950
51,27,697
88,68,931
98,102,73
92,168,113
135,94,357
98,64,6
200,150,181
3,167,888
174,190,368
154,7,238
175,72,5
167,139,329
79,156,361
173,45,1
175,6,855
135,52,932
65,119,29
52,67,782
44,156,399
86,2,294
29,109,300
85,192,575
41,29,415
110,196,205
94,43,221
52,159,314
88,138,355
1,74,569
56,135,18
29,54,483
199,131,866
161,174,570
82,33,655
30,127,219
175,62,508
145,116,794
200,71,920
12,6,938
42,174,163
192,15,659
74,40,928
170,81,853
140,64,831
1,156,687
83,132,590
131,60,810
134,122,836
39,66,354
9,94,165
42,57,196
93,88,278
179,28,286
90,187,592
177,82,4
8,160,966
135,116,219
73,104,936
172,78,986
137,27,815
65,10,492
46,85,977
61,78,690
152,6,822
39,199,993
58,128,724
19,41,477
161,135,365
196,182,448
53,176,834
28,32,26
124,35,69
183,47,31
172,24,918
35,115,232
122,102,109
33,185,654
107,123,237
90,43,698
132,184,405
138,77,113
163,46,467
182,116,112
164,19,371
160,73,691
83,160,617
119,70,485
125,79,154
35,59,845
98,25,189
5,161,273
104,112,904
131,116,888
149,41,386
84,67,622
58,143,390
96,26,125
143,109,530
40,137,619
145,187,789
55,39,714
56,36,954
109,190,363
46,44,438
100,66,560
151,146,194
127,199,714
190,161,673
59,10,154
51,53,461
51,179,958
165,57,252
129,27,956
187,2,455
174,26,682
174,42,359
151,181,325
9,168,557
159,112,538
64,166,309
151,134,148
171,152,459
194,42,565
6,189,460
159,171,453
55,42,908
95,87,896
61,108,842
14,95,510
24,143,160
197,162,992
64,21,260
119,71,816
78,85,40
54,124,461
182,21,529
54,37,870
90,24,2
15,116,763
151,184,326
154,62,630
9,141,701
111,115,363
92,99,481
114,43,78
96,75,148
154,94,430
132,115,126
182,90,134
141,155,667
28,36,937
105,2,731
106,188,843
35,32,756
28,116,173
23,89,31
137,187,572
136,68,863
173,158,73
59,113,983
165,40,848
144,25,411
182,106,716
189,42,622
27,7,409
102,42,924
196,2,574
47,156,951
160,96,900
179,196,592
73,176,82
5,197,848
153,27,692
137,91,964
48,22,310
168,153,271
27,96,416
141,191,769
19,77,921
108,130,720
110,101,853
56,197,902
128,70,351
109,89,650
190,134,694
87,161,273
193,166,550
83,150,618
118,13,542
49,14,400
108,7,735
92,140,940
91,184,23
107,111,843
39,198,487
36,191,892
183,151,31
149,163,975
100,19,103
162,37,431
17,45,909
14,107,471
137,1,530
128,25,955
50,103,689
21,134,404
144,139,169
146,135,905
24,110,69
34,132,561
68,12,718
93,173,509
21,24,886
146,4,710
159,190,900
44,74,806
52,123,39
186,115,241
189,60,399
105,18,834
3,14,612
9,8,822
152,122,716
106,140,849
87,30,916
183,98,194
151,106,631
52,68,391
36,128,817
185,129,458
78,74,305
125,159,895
61,127,323
98,167,583
172,51,192
86,97,479
187,26,454
72,61,730
20,57,867
61,68,16
121,156,157
50,168,144
110,91,696
42,23,273
140,138,311
58,115,923
136,67,305
10,62,575
89,25,226
156,159,147
165,19,441
177,79,328
39,78,30
169,50,206
92,131,89
43,88,377
169,146,482
12,163,548
15,29,832
89,135,7
107,110,648
187,135,964
19,188,732
49,85,244
36,88,158
61,151,726
191,192,929
102,47,44
153,2,476
10,95,812
83,80,282
79,94,28
88,37,328
164,94,435
84,145,374
82,110,36
132,195,719
75,70,501
68,43,4
106,197,391
176,88,47
151,147,303
25,135,512
116,24,49
76,25,666
43,51,272
104,67,603
190,46,340
80,72,807
136,37,952
18,146,971
34,90,211
43,170,389
184,196,648
79,50,253
168,131,1000
78,70,523
196,185,488
184,48,288
22,78,709
157,121,313
178,134,809
91,106,796
77,27,21
181,165,444
109,112,714
167,122,722
132,32,652
199,140,508
122,189,91
129,175,949
17,77,564
137,181,152
52,136,61
46,101,773
62,87,386
186,129,822
151,7,536
198,42,410
143,197,811
32,57,160
31,82,948
195,104,38
111,103,886
154,74,890
97,139,28
108,119,841
69,71,23
55,94,296
90,133,624
196,91,511
50,128,734
69,100,161
120,158,676
93,71,365
157,122,365
190,20,371
174,191,239
11,26,940
105,71,685
176,164,15
164,20,894
141,108,909
43,190,203
4,159,661
84,67,457
199,106,16
104,142,346
30,149,490
113,187,801
151,157,165
94,152,500
39,77,850
193,10,740
86,169,411
183,169,682
159,136,353
109,93,720
24,38,645
181,64,13
29,166,786
6,46,317
168,128,303
57,172,771
200,76,93
59,40,505
102,23,703
181,116,937
172,46,904
68,15,153
99,123,779
174,96,303
48,103,95
86,44,264
109,111,331
83,88,153
168,20,929
78,94,516
151,31,469
200,73,326
18,176,913
171,62,173
59,153,477
19,200,839
88,81,983
87,61,911
49,105,180
171,75,501
65,90,930
122,47,794
16,113,591
23,46,213
54,57,616
147,132,606
98,110,755
73,200,864
143,4,571
67,76,935
41,194,10
110,68,126
126,178,40
108,79,307
173,156,754
104,23,759
42,125,494
74,82,543
78,147,35
121,46,225
30,105,993
68,111,951
113,68,55
199,30,216
92,19,894
182,161,355
68,192,678
105,140,309
187,31,764
89,74,941
129,90,372
178,182,345
29,21,916
90,7,618
178,133,76
65,44,73
174,192,54
69,74,85
200,69,470
126,162,333
42,119,591
143,194,187
37,67,671
1,187,567
88,14,451
136,44,612
33,173,239
24,144,216
23,107,143
15,159,135
112,15,102
167,184,200
19,15,295
166,171,422
183,50,109
95,78,14
124,75,537
80,70,429
107,48,627
130,140,156
120,164,636
186,35,641
15,134,833
1,105,680
172,129,26
194,14,674
36,187,460
192,149,535
151,169,637
23,49,406
83,123,139
27,42,273
12,86,629
30,17,243
109,65,442
110,185,887
13,32,957
11,184,403
162,44,781
100,157,609
177,85,138
192,115,562
9,60,578
106,94,133
156,179,546
91,106,560
82,187,250
1,53,854
9,119,860
99,190,811
124,178,359
20,14,945
67,90,793
178,1,455
1,191,719
71,16,848
139,199,24
108,86,308
49,106,787
124,123,842
135,52,521
98,35,966
8,135,974
198,133,164
71,147,916
86,167,956
86,73,528
137,80,422
124,34,514
102,3,871
46,61,943
69,20,522
96,71,925
86,32,592
195,57,713
137,108,30
133,82,126
177,30,883
1,69,751
132,163,661
194,79,827
80,5,234
184,143,313
78,6,185
165,194,784
72,140,252
137,101,667
22,121,44
160,49,1000
77,187,37
156,178,70
183,139,336
91,20,514
81,66,176
46,76,971
200,169,676
102,154,20
18,88,151
134,16,645
195,72,701
10,117,183
92,104,492
130,160,565
142,5,563
52,44,110
89,138,540
129,69,390
104,195,909
173,84,111
196,116,684
171,121,666
84,139,11
128,190,803
170,67,108
11,35,198
120,176,18
85,197,355
19,151,883
199,33,780
72,46,364
71,85,69
185,154,643
46,101,886
91,65,327
32,134,861
105,48,564
19,197,42
22,6,643
123,3,357
176,173,980
37,107,493
55,87,296
15,25,293
118,52,922
27,71,297
117,120,450
57,190,443
54,8,850
195,172,470
85,11,691
184,112,856
154,8,934
97,49,349
149,11,734
146,135,566
148,40,413
33,177,712
197,135,60
142,30,483
88,185,942
170,186,613
96,158,204
34,5,814
13,194,26
115,63,423
44,36,421
93,45,929
147,129,138
136,42,824
44,76,310
137,181,866
16,98,446
89,103,856
55,184,55
72,56,166
39,138,549
74,172,824
127,114,187
197,90,675
126,170,854
111,90,742
144,159,259
197,45,95
50,187,720
78,56,258
1,30,509
45,1,760
98,31,376
35,59,706
70,65,875
55,117,267
140,117,17
81,118,928
199,24,151
91,55,756
193,119,676
13,38,7
73,161,955
8,149,960
194,173,495
133,196,557
42,32,1000
128,18,109
193,165,398
79,6,896
39,23,506
3,123,744
28,184,658
158,90,842
158,110,860
46,94,178
200,148,89
102,187,832
137,47,268
69,44,569
13,132,577
69,113,790
180,45,59
178,175,765
64,167,188
36,46,881
23,48,649
54,139,682
96,42,725
16,39,37
176,188,406
106,104,869
153,122,723
84,133,518
132,186,769
193,32,714
29,30,981
1,178,978
31,139,141
54,151,451
41,1,603
55,105,700
89,132,442
186,11,262
135,126,695
130,123,488
33,39,48
140,78,75
44,55,529
187,55,401
175,186,610
68,84,81
13,18,350
37,36,969
54,99,106
165,142,230
38,23,286
97,167,671
59,126,571
63,23,661
188,115,726
11,111,341
50,74,195
23,130,831
158,137,705
189,67,562
78,84,877
46,17,636
119,109,13
157,146,405
158,61,831
129,102,479
127,40,424
131,13,871
136,174,302
30,147,894
108,165,835
153,75,866
115,78,302
59,38,913
122,29,415
38,188,193
40,67,597
35,41,828
93,42,912
77,165,788
129,80,846
102,180,366
175,47,956
58,54,907
148,119,677
93,38,346
151,120,208
147,197,558
8,42,700
44,73,905
198,170,648
182,199,911
68,66,339
77,88,170
101,51,364
47,197,827
178,34,502
182,67,554
59,94,334
173,149,492
48,70,366
51,17,198
145,136,699
23,161,757
195,23,534
125,75,890
169,137,436
108,71,224
55,154,376
194,173,670
2,9,266
199,32,807
77,181,642
109,102,912
180,64,789
130,189,279
195,100,665
72,144,790
99,162,234
35,1,778
1,102,28
183,166,758
132,9,654
85,81,984
120,29,789
185,68,277
139,187,540
169,139,87
89,168,38
135,70,352
188,12,566
74,185,94
192,126,788
147,119,983
199,5,945
27,137,736
97,115,384
174,139,535
115,65,807
70,93,722
74,43,869
192,127,350
45,57,299
23,91,848
53,122,456
183,53,246
52,124,458
195,116,802
134,24,512
172,160,799
83,107,324
163,119,652
65,149,843
10,52,864
126,24,684
103,128,51
34,30,194
97,43,386
131,9,649
177,183,480
1,129,286
170,161,260
114,19,163
153,131,752
182,5,112
1,186,714
70,93,311
12,145,842
193,23,616
87,62,663
105,171,40
176,111,719
194,161,1000
10,17,157
150,165,318
2,138,803
135,42,314
176,131,122
4,118,736
20,96,976
7,55,796
116,128,834
62,150,279
170,141,19
80,17,260
50,173,709
66,22,776
19,145,528
121,17,908
85,50,938
64,121,515
107,5,266
124,6,720
37,36,173
97,95,699
102,178,38
145,87,930
87,177,432
90,59,438
66,146,858
152,137,584
80,153,747
140,54,432
155,17,455
101,42,978
57,170,571
31,8,935
116,199,784
43,122,905
41,66,975
87,195,864
65,16,865
121,55,180
47,177,601
55,49,811
185,176,45
84,155,515
3,165,388
189,160,184
6,136,114
9,112,843
109,195,829
151,51,822
176,67,818
3,89,578
93,151,177
123,193,219
189,1,275
195,101,684
107,69,164
128,183,133
56,157,456
113,36,396
193,59,946
199,52,277
143,188,784
138,60,37
22,175,608
35,29,588
38,145,875
67,84,576
171,52,115
168,142,196
128,41,412
11,157,924
31,153,849
113,42,168
199,121,216
111,109,944
41,16,409
65,19,586
15,128,456
48,161,931
152,114,933
173,9,668
157,65,533
56,155,300
10,177,858
47,29,901
121,145,77
125,180,207
24,158,476
82,141,788
114,116,270
128,21,320
135,94,104
66,45,125
89,181,862
78,37,781
104,147,455
123,179,348
161,44,918
185,149,917
88,137,373
185,98,427
78,147,295
121,129,152
166,101,111
145,83,136
86,119,972
146,165,585
38,122,420
20,83,293
94,42,1000
100,152,149
60,23,115
23,5,20
194,4,3
176,47,992
154,73,896
130,118,597
34,99,57
61,185,390
92,123,546
76,112,66
49,190,275
157,32,831
50,95,858
163,132,894
146,132,342
49,40,895
77,146,785
58,101,48
14,92,153
23,10,874
21,164,928
147,197,606
58,43,409
42,160,861
83,60,16
17,29,841
39,112,740
43,45,728
29,150,171
80,157,49
199,9,817
76,175,824
85,150,269
48,183,526
32,198,203
197,158,467
149,180,182
177,123,696
166,23,135
13,8,567
115,158,842
36,59,549
79,141,844
30,82,656
167,69,592
31,66,766
168,79,593
107,127,314
109,15,518
183,42,702
171,178,480
60,64,271
182,180,797
74,39,5
150,199,537
191,166,714
137,98,863
138,40,866
184,121,963
47,110,833
116,130,790
87,134,213
20,160,805
13,102,540
22,1,130
129,91,335
46,9,344
26,147,367
133,52,537
197,116,269
78,79,290
2,149,504
167,123,373
170,184,4
133,152,12
88,158,939
170,162,837
35,109,110
192,162,593
170,145,86
102,187,118
121,34,348
39,21,466
157,171,824
67,199,272
11,46,844
28,75,220
76,129,72
144,118,99
51,132,55
116,2,484
14,74,11
185,166,653
57,198,999
132,75,572
168,107,92
47,159,165
74,67,441
18,193,537
183,114,186
38,150,618
110,141,887
75,38,423
18,48,312
65,5,541
69,64,459
94,39,210
71,88,828
102,13,18
101,173,706
16,65,158
194,158,364
109,177,735
50,162,13
136,156,56
182,86,596
85,38,242
72,42,648
106,17,209
59,74,301
61,175,350
84,19,469
112,188,893
143,159,851
199,180,276
55,145,303
33,131,741
168,82,948
29,55,797
18,174,986
140,150,115
75,13,113
184,145,531
50,147,263
193,63,895
46,109,957
121,73,943
80,168,404
97,184,198
36,147,168
153,10,321
45,77,960
141,74,150
126,20,843
181,37,925
127,61,259
108,129,224
186,36,967
55,134,27
125,164,724
176,165,932
3,8,473
15,153,937
146,118,728
97,12,791
169,128,184
134,19,743
113,51,824
167,9,38
24,122,693
148,123,635
114,121,228
196,113,798
83,189,194
172,25,418
135,22,710
1,86,953
118,109,424
155,128,417
29,43,844
132,22,416
153,156,102
22,159,76
127,131,353
123,36,237
93,53,896
119,85,295
106,157,356
97,94,176
112,47,992
143,71,153
47,32,466
51,50,801
2,127,187
64,193,714
137,179,647
89,154,751
1,93,465
11,129,609
128,118,739
174,29,981
53,2,240
36,43,329
69,171,910
160,138,419
8,102,385
77,59,742
21,142,345
65,138,104
56,167,861
45,157,999
8,154,495
198,59,674
168,6,616
126,83,386
180,60,497
134,98,568
58,108,903
2,117,439
100,154,713
102,199,155
194,146,992
79,49,276
70,172,613
102,39,44
68,4,932
60,119,587
74,143,733
142,33,230
168,154,2
88,52,81
83,171,139
170,198,866
121,139,960
29,85,686
74,186,502
83,106,359
71,84,4
119,125,214
58,162,487
49,43,834
55,167,718
57,177,552
46,92,715
19,89,323
121,19,928
76,155,226
177,128,226
175,53,41
84,114,515
24,120,950
29,150,696
39,77,719
113,32,796
78,151,643
18,154,180
143,180,889
85,24,624
123,93,178
165,39,383
110,172,417
7,23,228
38,62,70
87,39,164
176,170,581
102,29,23
5,54,737
88,170,739
25,81,581
82,14,934
110,180,527
59,149,706
159,11,937
70,91,763
175,144,889
91,100,353
64,42,879
135,64,72
2,140,254
65,158,217
158,82,691
77,19,57
19,186,522
176,61,438
129,184,562
61,9,502
42,167,839
42,96,910
148,49,795
165,154,652
67,118,136
85,68,807
98,200,651
130,45,281
147,3,361
135,197,421
33,140,915
135,141,86
48,18,845
25,166,450
163,193,319
30,21,142
122,2,600
30,55,912
51,14,467
193,112,853
176,33,826
189,126,451
138,77,227
61,130,347
43,158,317
146,35,224
111,10,590
8,102,129
195,179,54
104,127,456
185,56,220
187,161,866
43,92,29
90,19,834
118,132,855
107,14,910
128,71,78
18,114,375
85,180,55
79,95,684
68,164,724
185,117,843
48,26,515
134,66,284
94,102,729
160,65,116
166,108,253
106,85,460
55,122,75
193,187,983
196,195,988
127,51,173
99,190,632
172,196,306
122,153,75
157,29,395
138,168,796
160,103,72
8,133,588
31,119,417
118,160,358
118,52,375
43,141,996
68,17,205
28,150,516
69,41,521
79,18,288
181,158,886
37,6,747
121,173,931
22,8,455
139,79,957
197,43,794
151,101,68
130,153,878
200,48,622
111,185,134
74,90,37
122,105,699
55,54,612
111,180,129
13,12,486
120,49,280
149,61,676
173,6,945
74,117,754
95,133,36
122,200,31
184,197,728
117,83,74
131,28,820
68,141,491
162,200,603
4,130,896
92,58,638
173,74,508
46,83,200
16,38,157
197,95,837
40,152,813
101,178,626
132,27,10
149,191,47
10,156,614
134,80,125
11,112,185
173,149,450
196,191,7
7,180,934
153,138,689
43,192,653
66,55,267
191,36,132
122,52,38
134,11,647
50,89,501
200,190,108
113,75,680
140,114,541
177,13,811
161,11,534
140,1,96
124,25,968
49,33,463
27,88,480
98,93,122
99,61,433
41,68,847
104,34,373
110,64,807
115,19,195
27,16,178
184,28,864
61,30,199
180,25,403
162,65,930
2,20,671
168,183,32
164,74,207
32,38,356
79,193,25
56,111,120
120,136,450
59,166,396
75,40,60
96,117,373
83,191,247
109,100,642
183,20,768
34,156,353
33,93,946
80,118,427
116,64,772
122,115,448
16,39,969
96,114,591
151,64,387
85,8,57
5,91,415
13,170,557
5,159,585
149,3,316
104,61,376
162,103,516
37,12,778
133,113,369
37,109,33
82,97,189
59,99,298
177,194,179
44,122,238
107,100,735
53,170,641
46,187,570
197,21,456
62,18,439
44,142,646
4,197,10
18,23,490
132,122,737
16,102,519
25,20,28
73,156,508
171,42,286
180,83,448
96,21,687
177,111,372
72,14,702
76,190,133
86,94,546
2,168,984
23,102,440
97,189,666
127,111,830
90,153,485
83,135,150
48,156,357
17,20,92
43,17,145
160,106,435
88,114,25
80,88,668
166,122,772
189,84,180
74,58,822
58,78,230
89,159,163
19,173,226
79,6,206
90,120,545
32,187,25
83,41,644
60,10,312
63,160,631
88,135,285
108,57,331
143,54,858
155,27,427
112,138,615
128,98,529
128,47,447
42,193,785
79,136,922
197,141,559
177,166,290
149,109,329
21,2,730
34,97,730
119,97,611
8,101,689
107,77,210
125,25,289
90,195,205
9,181,536
146,170,931
84,93,597
153,173,61
97,16,229
94,144,906
29,141,425
133,154,343
173,13,727
186,26,268
191,110,193
168,167,188
195,42,366
133,1,639
91,13,558
131,28,984
153,158,749
84,135,538
168,25,131
104,142,141
64,112,711
28,39,225
139,49,979
170,76,674
112,49,981
128,178,246
8,185,94
176,58,377
6,40,114
12,29,840
115,156,44
67,36,490
71,36,908
10,185,338
142,50,764
170,58,92
35,45,156
151,23,290
131,23,877
66,62,28
189,28,879
29,177,344
157,45,551
194,50,837
86,55,273
174,137,772
50,32,24
197,172,786
33,120,817
59,97,369
70,152,476
48,77,656
85,55,786
143,184,707
25,140,366
146,109,258
63,129,783
82,5,298
173,84,779
69,155,880
188,162,862
144,94,401
50,38,626
135,182,186
150,31,704
7,162,50
120,162,123
7,146,320
42,169,335
3,44,920
50,91,556
14,47,576
88,17,680
190,191,233
18,178,930
103,32,446
118,173,964
100,41,183
90,59,306
162,182,154
131,29,360
195,89,998
182,184,455
181,138,519
17,197,65
96,14,334
7,59,783
143,41,758
154,195,790
78,1,340
28,188,596
96,105,270
195,3,676
148,123,670
13,41,696
90,99,321
80,103,385
157,134,463
40,100,637
147,85,465
22,46,893
15,49,410
95,35,495
149,37,451
38,136,847
177,27,917
197,70,288
69,116,338
53,172,346
161,197,115
60,180,841
152,48,344
29,11,314
12,111,169
104,19,381
171,55,502
18,106,862
163,120,281
159,186,854
150,44,108
130,17,912
12,52,196
168,127,536
191,10,819
95,136,482
35,38,421
105,45,377
83,123,786
69,39,370
66,157,701
124,2,432
121,38,394
27,184,884
95,66,135
90,128,615
132,25,159
99,109,687
60,90,947
27,145,110
115,189,383
78,10,70
128,191,212
15,47,912
112,125,398
26,85,81
186,66,511
136,111,87
106,191,337
62,118,433
28,180,20
50,145,266
183,100,681
35,153,275
173,148,243
34,154,762
145,7,26
77,150,102
190,77,459
117,187,204
34,152,570
123,125,592
125,47,644
54,47,759
166,190,561
30,199,619
161,194,321
57,151,621
104,9,62
128,105,264
159,125,398
152,154,925
174,26,709
179,86,140
199,154,691
169,88,649
186,102,929
141,18,300
19,35,789
172,2,485
124,71,233
85,177,315
54,17,88
30,166,551
119,143,460
76,6,222
154,78,651
54,80,154
125,132,166
78,143,373
155,28,602
44,75,147
73,94,753
4,83,436
27,34,446
58,34,553
170,87,463
18,91,619
37,59,319
57,144,254
192,46,337
89,20,536
107,87,282
124,18,701
124,194,482
9,74,670
46,65,820
116,100,194
74,107,916
122,97,735
39,102,231
25,188,599
52,159,152
186,156,960
91,27,537
32,83,58
147,64,735
65,101,878
12,115,397
41,82,871
88,142,256
97,49,23
37,89,97
196,63,534
126,177,596
52,97,518
174,150,565
152,183,352
131,98,514
99,79,998
139,15,166
56,129,549
128,123,417
3,182,150
160,91,683
184,170,201
128,139,79
157,93,110
138,98,892
44,195,495
88,30,776
79,97,236
173,155,638
85,175,638
133,49,530
200,67,254
179,138,959
195,131,346
100,14,363
8,9,38
21,185,390
192,12,296
78,117,201
192,195,723
65,181,420
173,165,844
10,140,297
200,198,175
128,72,541
62,91,204
77,5,144
60,81,676
108,15,423
37,114,614
123,103,626
32,16,895
147,101,246
55,50,657
9,49,65
127,188,966
92,15,738
55,164,460
66,59,982
98,34,785
168,97,296
67,134,488
147,192,234
179,141,287
32,11,536
155,121,14
135,35,559
200,151,624
143,179,256
189,184,127
5,198,542
126,94,153
43,170,117
5,56,520
83,64,388
43,29,945
197,39,95
189,54,347
129,46,895
89,43,682
63,53,293
109,16,61
102,162,295
197,167,195
91,118,170
5,161,526
40,171,297
86,5,450
71,18,207
126,157,649
93,23,654
36,92,585
71,178,717
91,112,903
100,58,495
85,116,914
5,189,887
26,130,250
56,72,108
19,179,526
106,174,469
8,76,811
174,137,740
55,170,624
163,109,376
113,180,3
75,116,519
170,54,923
43,31,512
149,190,852
143,72,354
100,42,359
74,40,125
71,94,434
49,112,258
61,7,465
198,139,150
122,181,97
135,39,511
84,44,863
96,133,201
65,13,75
197,17,122
69,125,816
25,3,745
171,46,288
73,184,310
48,97,450
3,114,882
22,193,76
2,147,490
79,189,338
88,136,820
50,83,458
198,47,840
100,11,903
34,42,454
85,148,115
132,191,935
7,28,268
62,22,808
59,171,916
152,191,473
7,145,785
168,23,331
62,147,660
54,17,211
187,151,890
152,35,509
153,13,895
140,111,656
86,133,642
132,9,965
45,182,170
113,184,758
102,50,314
1,115,271
90,153,211
117,88,806
139,120,198
183,39,49
71,64,325
142,111,411
76,90,356
120,86,664
111,98,74
5,51,3
49,78,422
131,123,755
108,183,975
165,56,633
199,35,112
96,180,201
66,18,788
29,22,546
10,132,150
98,82,127
37,183,28
2,174,258
21,91,540
79,136,325
42,72,916
164,94,531
118,108,702
54,175,529
192,106,599
162,37,789
108,122,185
118,90,684
69,46,165
134,116,27
134,169,874
48,139,610
29,120,492
14,33,296
187,82,688
53,8,621
50,1,309
160,40,578
43,83,408
142,34,100
77,140,211
193,13,561
113,120,606
140,68,178
10,80,917
91,89,900
4,143,15
183,129,185
127,158,608
156,112,36
115,157,313
81,142,326
177,162,155
4,151,35
42,84,628
116,76,339
157,18,55
192,18,448
104,149,775
195,60,809
190,154,350
181,185,889
100,170,610
62,134,940
75,153,660
4,37,822
173,9,879
69,90,192
20,95,889
132,78,13
24,25,540
112,95,230
127,62,735
175,2,462
20,29,42
194,179,150
147,63,407
35,119,848
145,100,904
10,155,171
63,78,828
118,21,969
64,29,948
184,153,948
125,2,537
142,100,44
16,177,584
3,27,86
187,157,951
184,138,969
127,102,351
102,196,844
59,195,379
40,44,178
110,82,243
195,90,538
123,76,194
141,191,23
188,21,240
13,42,522
175,126,781
130,183,295
179,119,557
2,32,250
146,198,767
144,46,67
193,195,935
13,16,903
90,69,28
32,12,604
177,189,658
28,188,756
127,167,724
176,98,324
20,51,30
160,74,15
88,71,260
110,114,406
176,5,429
58,16,31
24,116,159
87,9,561
79,197,168
153,84,820
25,189,247
12,95,122
61,135,18
140,172,230
86,196,835
62,98,783
111,35,77
155,3,371
135,89,105
169,73,629
165,188,213
75,35,211
49,176,144
24,14,841
126,160,372
105,166,861
16,131,328
43,88,100
29,19,718
131,121,39
149,189,198
50,16,231
62,100,220
117,43,367
185,70,206
94,92,147
84,160,536
33,149,330
67,166,778
34,125,168
164,23,784
26,108,885
179,153,467
78,86,92
193,48,415
36,143,335
60,50,730
130,46,63
35,86,589
26,51,401
7,147,112
128,172,416
141,44,343
190,15,825
137,58,508
139,38,962
145,130,526
127,91,693
161,102,220
174,110,310
27,149,658
38,84,664
2,34,767
142,172,757
187,74,337
65,139,865
4,59,674
98,103,172
138,80,765
101,8,568
51,99,897
73,144,130
131,123,382
196,86,418
94,155,662
100,64,28
142,25,931
75,200,106
94,110,991
22,46,189
151,159,732
150,103,251
132,199,683
106,46,971
86,197,908
54,111,200
101,27,573
193,25,909
127,120,940
154,198,507
170,93,848
7,169,78
139,32,748
196,175,948
160,34,34
22,41,779
32,90,265
74,133,840
48,77,309
166,75,200
5,9,852
145,130,800
11,105,68
126,169,697
187,160,666
191,159,195
178,18,764
49,2,893
70,17,941
143,11,208
24,26,47
34,163,270
24,175,604
170,37,631
92,61,632
2,159,994
120,57,70
167,178,549
186,134,103
183,195,390
94,48,991
49,30,472
177,122,42
131,67,741
10,89,831
12,175,859
56,142,273
134,197,296
33,25,21
105,93,937
7,96,198
33,114,712
61,129,987
41,14,668
8,63,738
156,84,152
92,134,298
78,131,957
62,137,608
130,72,832
196,51,409
5,45,420
75,172,278
45,21,507
13,138,574
2,58,304
198,37,508
44,93,701
68,44,399
10,27,926
122,57,794
103,126,967
59,49,430
79,197,26
100,187,681
28,20,375
168,192,675
131,136,896
91,110,683
198,49,210
182,184,392
84,14,756
77,83,189
25,167,135
112,58,457
32,162,812
125,41,167
169,107,742
177,106,818
139,128,369
128,159,750
158,115,199
72,40,249
139,40,313
92,117,389
145,36,461
87,178,981
77,17,427
65,91,876
35,38,19
166,130,671
96,163,166
90,178,794
84,169,895
60,189,758
94,121,472
147,105,749
177,17,377
175,133,863
200,185,392
3,61,137
154,65,299
23,26,970
128,165,771
185,132,876
33,119,68
21,102,821
119,178,932
96,43,429
130,23,202
5,148,852
165,4,554
76,44,135
106,2,114
117,173,715
177,109,667
13,113,49
147,9,399
69,65,451
151,50,497
121,81,894
109,76,568
32,27,778
134,29,251
135,146,877
189,101,803
85,82,718
51,164,978
54,10,97
139,5,926
145,5,432
180,77,79
95,48,483
58,116,961
95,67,660
148,5,522
63,83,783
157,146,809
106,46,126
41,128,693
12,42,59
112,59,711
105,147,153
93,141,409
103,124,179
8,173,930
162,115,567
154,150,419
183,95,560
53,43,944
56,85,264
40,133,554
3,57,286
12,35,544
77,147,729
98,67,983
102,103,497
149,139,1
77,21,935
103,187,860
161,153,710
91,128,644
13,122,464
23,160,58
142,100,12
178,29,138
177,186,230
19,63,1
161,28,61
105,64,750
37,180,380
141,127,909
66,51,16
163,107,677
110,196,198
55,119,613
39,3,730
48,190,884
61,124,765
155,91,745
173,199,57
163,35,838
124,22,734
114,189,687
158,180,792
73,105,187
43,111,592
33,56,726
67,118,911
119,1,483
53,121,572
198,60,114
136,158,437
193,147,942
146,161,226
1,80,184
19,62,280
36,99,414
36,24,803
143,158,925
117,66,139
28,86,665
8,61,696
138,81,913
192,129,721
174,22,881
47,5,501
186,14,36
61,184,847
158,175,644
34,28,140
25,142,531
66,132,73
34,94,904
122,145,732
105,38,278
189,48,105
129,137,439
132,9,469
36,35,620
41,132,219
199,80,73
67,185,950
164,58,621
37,2,276
59,154,642
96,159,5
53,39,909
70,136,513
122,163,908
131,26,146
156,117,994
198,124,725
91,36,757
138,16,851
131,94,265
64,169,184
55,100,916
183,171,595
192,4,264
179,150,211
180,142,328
102,46,467
194,94,905
1,150,736
67,60,721
144,127,300
2,19,215
76,145,391
101,47,35
119,151,145
76,187,363
142,44,223
65,32,930
173,60,871
178,53,839
131,165,20
64,163,577
151,99,952
77,5,202
127,154,875
29,57,57
89,199,477
62,86,614
148,95,556
103,141,166
86,96,441
3,183,928
44,104,832
138,47,324
71,62,831
96,80,904
76,52,348
114,162,206
200,137,929
173,150,366
54,145,967
67,2,592
35,159,791
191,2,980
29,23,895
130,95,369
25,132,451
165,132,933
51,54,319
19,191,816
68,26,505
40,29,737
37,77,447
32,77,747
132,59,488
108,194,50
179,147,172
162,58,478
167,185,57
79,167,866
64,145,671
61,60,772
30,29,332
200,43,690
107,30,520
118,128,152
167,199,365
148,142,593
162,22,326
155,108,888
189,71,557
24,169,1000
56,184,371
7,198,917
159,171,62
92,17,321
200,48,153
92,33,447
47,102,788
94,98,68
180,132,332
37,29,430
181,91,904
144,163,630
174,152,417
19,144,125
92,169,590
137,136,182
124,7,702
54,189,625
123,181,110
171,122,877
102,36,149
100,167,400
46,114,94
19,175,161
74,47,588
15,22,290
30,141,822
