1,30,509
1,51,785
1,53,854
1,69,751
1,76,863
1,79,211
1,80,184
1,85,908
1,86,953
1,93,465
1,105,680
1,115,228
1,118,168
1,129,286
1,150,736
1,156,687
1,162,120
1,164,170
1,186,714
1,187,567
1,191,719
2,9,266
2,19,215
2,20,671
2,22,963
2,23,712
2,31,513
2,32,250
2,34,767
2,58,304
2,117,439
2,127,187
2,138,803
2,140,254
2,147,390
2,149,504
2,159,264
2,174,258
2,183,197
3,14,612
3,40,617
3,44,920
3,54,984
3,57,286
3,61,137
3,88,851
3,89,578
3,92,808
3,95,122
3,114,882
3,135,6
3,165,388
3,167,888
3,182,150
3,184,704
3,186,224
4,14,970
4,33,805
4,39,217
4,40,859
4,45,158
4,53,439
4,54,766
4,59,674
4,63,510
4,77,104
4,83,436
4,118,736
4,130,896
4,151,35
4,159,661
4,197,702
5,9,852
5,10,8
5,13,504
5,22,78
5,30,93
5,37,360
5,42,405
5,45,582
5,51,3
5,53,966
5,54,737
5,56,520
5,87,171
5,106,190
5,123,153
5,148,852
5,159,585
5,161,273
5,171,138
5,189,887
5,197,848
5,198,542
5,199,555
5,200,73
6,18,435
6,20,703
6,24,653
6,46,317
6,52,626
6,58,556
6,69,230
6,80,38
6,107,529
6,131,537
6,136,114
6,159,944
6,164,291
6,177,64
6,193,755
6,198,625
7,5,95
7,23,228
7,28,268
7,55,796
7,59,783
7,60,752
7,77,545
7,91,153
7,96,198
7,97,357
7,103,611
7,120,527
7,141,444
7,146,320
7,147,112
7,162,50
7,164,644
7,180,934
7,198,917
8,3,399
8,4,292
8,29,671
8,30,810
8,42,700
8,52,563
8,53,403
8,54,178
8,55,633
8,61,696
8,63,738
8,68,840
8,76,811
8,101,689
8,133,588
8,135,974
8,136,72
8,149,960
8,151,485
8,155,293
8,160,966
8,189,610
8,193,409
8,196,961
9,8,822
9,11,168
9,22,319
9,31,303
9,36,160
9,42,645
9,49,65
9,60,578
9,74,670
9,94,165
9,102,904
9,108,579
9,112,843
9,134,864
9,135,333
9,141,701
9,158,246
9,159,714
9,166,620
9,167,81
9,175,682
10,2,93
10,8,272
10,13,749
10,16,87
10,17,157
10,21,590
10,27,926
10,30,235
10,31,639
10,52,864
10,62,575
10,71,321
10,80,917
10,84,692
10,89,831
10,100,873
10,117,183
10,119,625
10,132,150
10,134,886
10,150,965
10,155,171
10,156,614
10,177,858
10,180,807
10,185,48
10,197,350
11,8,671
11,35,198
11,43,195
11,46,844
11,49,36
11,54,788
11,56,605
11,59,195
11,74,916
11,92,320
11,101,962
11,105,68
11,111,341
11,112,185
11,129,609
11,145,535
11,146,439
11,157,924
11,162,993
11,163,491
11,165,739
11,189,273
11,191,522
12,3,732
12,6,938
12,25,237
12,29,840
12,30,348
12,35,544
12,42,59
12,52,196
12,61,127
12,62,552
12,86,629
12,95,122
12,111,169
12,115,397
12,125,14
12,139,8
12,140,759
12,145,842
12,163,548
12,170,411
12,175,859
12,196,118
13,6,76
13,8,567
13,11,244
13,12,486
13,16,903
13,18,350
13,20,473
13,27,218
13,28,448
13,32,957
13,41,696
13,42,522
13,77,102
13,102,540
13,113,49
13,122,464
13,132,577
13,134,727
13,138,574
13,156,924
13,164,120
13,168,425
13,170,557
13,173,293
13,177,38
13,186,655
13,188,554
13,194,26
14,33,296
14,40,420
14,47,576
14,53,229
14,59,871
14,63,877
14,69,170
14,74,11
14,92,984
14,95,510
14,97,711
14,107,471
14,130,251
14,137,402
14,147,416
14,151,279
14,153,831
14,167,685
14,169,262
15,7,750
15,22,290
15,23,986
15,25,293
15,37,289
15,47,912
15,49,410
15,60,583
15,110,961
15,116,763
15,123,912
15,128,456
15,134,833
15,153,937
15,159,135
15,164,960
15,172,677
15,198,288
16,20,747
16,37,588
16,38,157
16,39,37
16,49,562
16,57,524
16,98,446
16,102,519
16,108,193
16,111,422
16,113,375
16,114,442
16,125,575
16,129,693
16,131,328
16,133,344
16,156,204
16,160,830
16,161,232
17,5,965
17,20,92
17,29,841
17,37,291
17,40,729
17,44,88
17,45,693
17,59,685
17,77,564
17,85,575
17,88,267
17,102,156
17,103,290
17,111,896
17,113,760
17,114,543
17,119,673
17,130,337
17,147,281
17,148,119
17,155,345
17,170,752
17,176,606
17,192,223
17,197,65
18,5,493
18,23,490
18,36,208
18,42,269
18,48,312
18,54,519
18,64,733
18,66,246
18,88,151
18,91,293
18,106,862
18,107,237
18,112,404
18,114,375
18,135,951
18,146,520
18,154,180
18,168,816
18,174,986
18,176,913
18,178,930
18,186,14
18,193,537
18,200,457
19,15,295
19,32,277
19,35,699
19,41,477
19,51,285
19,62,280
19,63,1
19,66,601
19,68,905
19,77,921
19,82,389
19,84,155
19,88,621
19,89,323
19,102,339
19,112,348
19,114,463
19,125,553
19,128,937
19,144,125
19,145,528
19,151,883
19,173,226
19,175,161
19,179,526
19,183,794
19,184,642
19,186,522
19,188,732
19,191,816
19,193,996
19,197,42
19,200,839
20,9,8
20,14,945
20,29,42
20,46,416
20,50,163
20,51,846
20,57,867
20,67,437
20,83,293
20,95,889
20,96,976
20,153,322
20,160,535
20,179,282
20,190,412
21,1,816
21,2,730
21,11,763
21,24,886
21,37,898
21,47,577
21,65,529
21,66,806
21,70,981
21,71,500
21,73,709
21,75,702
21,80,82
21,88,647
21,91,540
21,102,821
21,107,201
21,134,404
21,142,345
21,163,169
21,164,928
21,170,997
21,185,390
21,188,414
21,190,716
21,191,618
22,1,130
22,6,643
22,8,455
22,13,830
22,14,742
22,21,436
22,25,796
22,41,779
22,46,893
22,56,874
22,64,757
22,66,463
22,78,709
22,84,56
22,94,684
22,111,936
22,121,44
22,151,941
22,159,76
22,163,405
22,174,426
22,175,608
22,183,703
22,193,76
22,197,326
23,5,20
23,10,733
23,26,814
23,46,213
23,48,649
23,49,406
23,53,669
23,64,592
23,68,670
23,71,528
23,75,134
23,80,87
23,89,31
23,91,848
23,100,410
23,107,143
23,130,831
23,136,873
23,160,58
23,161,757
23,171,271
23,184,279
24,8,911
24,14,375
24,25,235
24,26,47
24,56,659
24,75,397
24,97,329
24,108,951
24,110,69
24,120,950
24,122,693
24,130,783
24,142,865
24,143,160
24,144,216
24,147,105
24,158,476
24,161,681
24,169,1000
24,173,679
24,175,604
24,184,630
24,193,697
25,3,604
25,10,285
25,20,28
25,36,922
25,47,726
25,57,92
25,62,895
25,67,185
25,76,479
25,78,592
25,100,550
25,134,644
25,135,781
25,138,836
25,140,366
25,153,770
25,159,55
25,166,450
25,167,135
25,179,370
25,184,686
25,188,599
25,189,247
25,199,745
26,11,727
26,35,414
26,51,401
26,58,802
26,63,578
26,66,147
26,85,81
26,108,885
26,123,377
26,130,250
26,147,367
26,149,496
26,176,100
26,189,950
26,190,437
27,3,615
27,7,409
27,16,889
27,28,43
27,32,717
27,34,446
27,42,273
27,71,297
27,74,190
27,84,636
27,87,384
27,88,480
27,96,416
27,106,616
27,139,927
27,145,110
27,149,658
27,167,29
27,174,549
27,183,25
27,184,884
28,12,832
28,20,375
28,31,770
28,32,26
28,36,937
28,39,225
28,40,836
28,46,300
28,63,309
28,75,220
28,86,665
28,93,599
28,116,173
28,121,384
28,129,101
28,142,975
28,150,516
28,153,143
28,169,338
28,180,20
28,184,658
28,188,596
28,196,169
29,10,849
29,11,314
29,15,471
29,19,718
29,21,916
29,22,546
29,23,113
29,30,981
29,43,844
29,54,214
29,55,797
29,57,57
29,58,643
29,85,686
29,141,425
29,149,952
29,150,171
29,161,21
29,166,786
29,177,344
29,187,805
29,190,749
29,192,577
29,196,530
30,11,179
30,17,243
30,21,142
30,22,501
30,24,351
30,31,330
30,40,326
30,49,254
30,55,912
30,77,905
30,82,656
30,103,458
30,105,993
30,125,462
30,127,219
30,141,822
30,147,651
30,149,490
30,161,522
30,165,916
30,166,551
30,168,288
30,180,850
31,8,935
31,48,151
31,49,165
31,63,408
31,66,766
31,82,948
31,91,232
31,109,22
31,119,417
31,139,141
31,152,191
31,153,849
31,155,742
31,159,421
31,164,141
31,180,799
31,188,769
31,193,623
32,11,536
32,12,604
32,16,895
32,20,114
32,23,429
32,38,356
32,56,184
32,57,160
32,71,735
32,72,785
32,77,747
32,83,58
32,90,265
32,131,719
32,134,861
32,139,865
32,143,590
32,151,230
32,154,239
32,157,658
32,162,812
32,184,500
32,187,25
32,198,203
33,13,978
33,23,127
33,24,647
33,25,21
33,29,550
33,39,48
33,43,606
33,50,21
33,56,726
33,78,880
33,82,369
33,88,581
33,93,946
33,101,475
33,103,631
33,105,816
33,111,142
33,114,712
33,119,68
33,120,817
33,131,741
33,140,915
33,143,975
33,151,219
33,173,239
33,176,359
33,177,712
33,185,654
34,5,814
34,13,391
34,22,480
34,23,980
34,24,187
34,28,140
34,30,194
34,38,539
34,42,454
34,45,587
34,46,579
34,83,661
34,90,211
34,94,904
34,97,730
34,99,57
34,125,168
34,132,990
34,147,909
34,149,618
34,152,570
34,154,762
34,156,353
34,163,270
34,173,684
34,187,209
34,199,195
35,1,778
35,29,486
35,32,468
35,38,421
35,41,828
35,45,156
35,59,845
35,61,500
35,86,589
35,87,586
35,108,643
35,109,110
35,115,232
35,118,18
35,119,540
35,121,489
35,128,477
35,149,643
35,151,464
35,153,275
35,159,5
35,166,646
35,179,908
35,187,997
36,4,332
36,11,416
36,24,803
36,29,220
36,32,589
36,34,234
36,35,620
36,43,285
36,46,881
36,54,605
36,59,549
36,87,34
36,88,158
36,90,364
36,92,585
36,99,414
36,118,56
36,128,817
36,130,777
36,138,376
36,143,335
36,145,378
36,147,168
36,160,352
36,187,460
36,191,892
36,198,62
37,2,903
37,4,339
37,6,747
37,9,277
37,12,778
37,29,430
37,36,969
37,49,687
37,53,410
37,54,664
37,59,319
37,67,671
37,77,447
37,80,345
37,89,97
37,90,632
37,107,493
37,109,33
37,114,614
37,115,944
37,142,774
37,145,634
37,155,587
37,162,842
37,169,216
37,175,171
37,176,348
37,180,380
37,183,28
37,191,986
38,6,402
38,13,482
38,23,286
38,24,194
38,37,605
38,62,70
38,70,240
38,76,967
38,84,664
38,105,423
38,113,478
38,122,420
38,125,581
38,131,378
38,133,69
38,136,847
38,145,875
38,147,514
38,150,891
38,151,618
38,164,649
38,176,103
38,188,193
38,190,645
39,3,730
39,20,479
39,21,466
39,23,506
39,45,383
39,66,354
39,70,209
39,77,850
39,78,30
39,112,740
39,122,48
39,129,649
39,138,549
39,146,550
39,157,734
39,172,479
39,196,850
39,198,487
39,199,993
40,6,777
40,15,857
40,29,737
40,44,539
40,45,124
40,46,786
40,49,9
40,67,597
40,71,297
40,88,768
40,100,637
40,102,395
40,127,381
40,133,554
40,137,619
40,151,920
40,152,813
40,171,297
40,188,585
40,198,107
41,1,603
41,14,668
41,16,409
41,25,149
41,26,399
41,29,415
41,32,746
41,46,127
41,66,975
41,67,667
41,68,847
41,72,201
41,82,871
41,125,413
41,132,219
41,143,113
41,144,953
41,145,226
41,164,235
41,176,386
41,178,371
42,23,273
42,32,669
42,57,196
42,84,628
42,111,975
42,118,485
42,119,591
42,125,494
42,132,75
42,137,919
42,147,772
42,160,861
42,167,839
42,169,335
42,174,163
42,178,907
42,182,24
42,193,785
43,3,560
43,17,117
43,31,512
43,45,728
43,51,272
43,83,408
43,88,377
43,97,301
43,111,592
43,122,368
43,128,335
43,131,547
43,136,452
43,141,996
43,158,317
43,166,512
43,170,389
43,174,43
43,188,504
43,190,203
43,192,653
43,198,711
44,36,421
44,49,539
44,55,529
44,58,679
44,60,400
44,71,466
44,74,806
44,75,147
44,76,310
44,93,701
44,95,454
44,104,832
44,114,10
44,122,238
44,126,250
44,142,646
44,145,716
44,150,268
44,156,399
44,187,29
44,193,318
44,195,679
45,1,760
45,8,135
45,9,160
45,21,507
45,57,299
45,62,686
45,69,505
45,72,834
45,75,141
45,77,960
45,127,640
45,128,149
45,132,642
45,154,564
45,157,999
45,169,250
45,182,170
46,9,344
46,17,636
46,24,399
46,43,424
46,44,438
46,58,94
46,61,943
46,65,820
46,76,971
46,83,200
46,85,977
46,92,715
46,94,178
46,98,699
46,101,773
46,109,957
46,114,94
46,161,392
46,187,570
46,195,872
47,5,501
47,29,901
47,32,466
47,49,859
47,58,929
47,60,385
47,64,752
47,107,103
47,110,833
47,117,302
47,132,692
47,144,449
47,147,421
47,152,147
47,156,951
47,159,165
47,169,824
47,177,601
47,191,2
47,193,905
48,6,166
48,22,310
48,24,272
48,26,515
48,41,220
48,69,254
48,70,366
48,72,676
48,77,656
48,97,450
48,103,95
48,139,610
48,144,740
48,156,357
48,161,931
48,163,135
48,168,135
48,190,884
49,2,893
49,13,669
49,14,400
49,33,463
49,43,834
49,74,299
49,78,422
49,85,244
49,105,180
49,106,787
49,112,791
49,118,365
49,132,831
49,147,763
49,166,944
49,173,78
49,174,651
49,190,275
50,1,560
50,11,674
50,16,231
50,32,24
50,38,626
50,42,338
50,52,858
50,54,264
50,73,268
50,74,195
50,83,458
50,89,501
50,91,556
50,95,858
50,103,689
50,115,509
50,128,734
50,145,266
50,147,263
50,162,13
50,166,171
50,168,144
50,171,184
50,173,709
50,187,720
50,191,174
50,194,20
51,7,214
51,14,467
51,17,198
51,22,117
51,27,697
51,29,486
51,38,723
51,39,272
51,50,152
51,53,461
51,54,319
51,78,374
51,79,806
51,86,323
51,95,201
51,99,897
51,111,793
51,132,55
51,161,142
51,164,978
51,168,314
51,177,53
51,179,958
52,22,359
52,25,798
52,37,410
52,43,232
52,44,110
52,67,782
52,68,391
52,97,161
52,109,260
52,118,588
52,119,20
52,123,39
52,124,458
52,131,405
52,136,61
52,137,679
52,159,314
52,176,359
52,195,40
53,2,240
53,39,909
53,43,944
53,45,212
53,49,357
53,79,43
53,94,562
53,115,25
53,121,572
53,122,456
53,161,288
53,170,641
53,172,346
53,176,834
53,197,222
54,10,97
54,17,88
54,47,759
54,48,165
54,57,616
54,65,393
54,67,2
54,80,154
54,99,106
54,111,200
54,117,383
54,118,895
54,120,682
54,124,461
54,139,429
54,140,239
54,141,593
54,145,967
54,151,451
54,155,416
54,160,260
54,175,529
54,177,393
54,190,810
54,193,449
54,194,106
54,200,790
55,3,578
55,21,320
55,39,714
55,40,779
55,42,908
55,49,811
55,50,657
55,52,15
55,53,588
55,54,612
55,82,920
55,86,556
55,87,296
55,94,296
55,100,916
55,105,700
55,108,606
55,117,267
55,119,613
55,122,75
55,126,397
55,134,27
55,145,477
55,154,376
55,158,260
55,164,460
55,170,624
55,184,55
55,187,431
56,12,648
56,36,954
56,66,338
56,75,916
56,85,264
56,95,369
56,111,120
56,129,549
56,135,18
56,137,805
56,142,945
56,155,300
56,157,456
56,167,861
56,173,733
56,184,371
56,193,118
56,197,718
57,7,468
57,18,265
57,23,573
57,62,322
57,104,985
57,131,328
57,144,254
57,151,861
57,152,37
57,170,571
57,172,771
57,190,443
57,198,999
58,5,201
58,12,498
58,13,719
58,16,31
58,18,118
58,34,553
58,43,409
58,54,907
58,56,671
58,57,878
58,72,371
58,78,230
58,87,791
58,101,48
58,115,923
58,116,961
58,128,724
58,131,813
58,143,390
58,146,39
58,162,487
58,177,984
58,181,551
59,8,959
59,10,154
59,28,440
59,34,666
59,38,913
59,40,505
59,49,371
59,58,34
59,61,61
59,64,754
59,66,223
59,73,653
59,74,301
59,88,47
59,91,970
59,93,792
59,94,334
59,97,369
59,99,298
59,113,983
59,126,571
59,127,156
59,138,15
59,149,743
59,153,477
59,154,642
59,166,396
59,169,708
59,171,916
59,176,863
59,195,379
60,3,655
60,10,312
60,23,115
60,50,730
60,52,347
60,73,454
60,75,393
60,78,265
60,81,676
60,90,947
60,94,103
60,103,632
60,119,587
60,143,212
60,152,272
60,173,284
60,186,964
60,187,7
61,5,750
61,7,465
61,9,502
61,30,199
61,36,545
61,51,257
61,55,755
61,60,772
61,63,601
61,68,16
61,73,225
61,76,613
61,78,690
61,108,842
61,124,765
61,125,642
61,127,323
61,129,987
61,130,347
61,135,18
61,141,722
61,149,658
61,151,927
61,161,90
61,175,350
61,182,275
61,184,588
61,185,390
61,186,67
62,18,439
62,22,808
62,35,287
62,52,11
62,79,797
62,86,614
62,87,386
62,91,204
62,98,783
62,100,220
62,105,678
62,118,433
62,134,940
62,137,608
62,147,660
62,150,154
62,161,55
62,162,902
62,177,596
62,189,866
62,192,590
62,193,820
63,23,661
63,30,440
63,35,251
63,53,293
63,73,280
63,78,828
63,83,783
63,129,783
63,133,737
63,148,879
63,173,624
63,182,854
64,21,260
64,29,948
64,42,879
64,50,382
64,56,406
64,60,760
64,62,147
64,65,175
64,86,319
64,95,221
64,98,657
64,104,143
64,106,880
64,112,711
64,115,331
64,121,515
64,124,204
64,145,671
64,159,827
64,163,577
64,164,901
64,166,309
64,167,188
64,169,184
64,193,714
64,199,523
65,3,177
65,5,541
65,10,492
65,11,871
65,13,75
65,15,29
65,16,865
65,19,586
65,32,930
65,38,618
65,44,73
65,58,379
65,90,930
65,101,878
65,113,93
65,119,555
65,128,484
65,138,104
65,139,865
65,145,740
65,149,843
65,150,194
65,158,217
65,171,649
65,179,729
66,25,141
66,30,235
66,45,125
66,51,16
66,55,267
66,62,28
66,69,818
66,75,178
66,119,69
66,132,73
66,141,410
66,146,858
66,156,231
66,157,701
66,177,887
66,178,443
66,179,950
66,186,334
67,2,592
67,3,780
67,24,185
67,28,8
67,32,340
67,36,490
67,60,721
67,76,935
67,90,793
67,99,957
67,102,114
67,104,42
67,118,136
67,134,488
67,142,333
67,143,461
67,145,41
67,152,511
67,166,778
67,172,182
67,175,854
67,185,950
67,190,366
67,194,568
67,199,272
68,4,932
68,10,520
68,12,19
68,15,153
68,17,205
68,26,505
68,43,4
68,44,399
68,53,820
68,59,768
68,66,339
68,72,336
68,84,81
68,94,758
68,96,977
68,111,951
68,123,457
68,132,843
68,141,491
68,145,76
68,147,836
68,163,509
68,164,724
68,165,413
68,173,414
68,190,564
69,18,570
69,20,522
69,23,924
69,31,868
69,39,806
69,41,521
69,43,276
69,44,569
69,46,165
69,51,26
69,58,744
69,64,459
69,65,451
69,71,23
69,74,85
69,90,192
69,96,136
69,100,161
69,113,790
69,116,593
69,125,816
69,135,784
69,138,336
69,155,880
69,171,910
69,172,539
69,190,699
70,5,357
70,15,966
70,17,941
70,44,804
70,61,173
70,65,875
70,84,453
70,91,763
70,93,722
70,98,648
70,110,155
70,136,513
70,139,767
70,141,111
70,152,476
70,163,877
70,166,533
70,172,613
70,173,768
71,13,608
71,16,848
71,18,211
71,36,908
71,46,419
71,62,831
71,64,325
71,84,4
71,85,69
71,88,828
71,94,434
71,132,724
71,135,770
71,147,916
71,165,543
71,178,717
72,14,702
72,20,496
72,25,247
72,29,146
72,30,567
72,40,249
72,42,648
72,46,364
72,50,256
72,56,166
72,59,645
72,61,730
72,67,899
72,104,411
72,111,477
72,140,252
72,144,790
72,149,548
72,159,363
72,174,291
72,177,372
72,187,777
73,2,602
73,23,484
73,28,788
73,44,945
73,52,172
73,56,252
73,85,862
73,91,717
73,94,753
73,104,936
73,115,504
73,144,130
73,156,508
73,159,310
73,161,955
73,168,643
73,174,47
73,176,82
73,184,310
73,192,40
74,1,990
74,2,422
74,3,313
74,15,965
74,20,492
74,32,709
74,39,5
74,40,928
74,43,869
74,47,588
74,58,822
74,60,200
74,67,441
74,80,729
74,82,543
74,90,37
74,95,44
74,107,916
74,117,754
74,123,728
74,128,933
74,133,840
74,136,462
74,143,733
74,159,626
74,161,494
74,166,973
74,169,354
74,171,415
74,172,824
74,185,94
74,186,502
75,13,113
75,26,329
75,35,211
75,38,423
75,40,60
75,46,218
75,70,501
75,76,870
75,82,321
75,83,272
75,86,239
75,94,622
75,102,485
75,118,649
75,148,333
75,162,421
75,163,24
75,170,406
75,172,278
75,173,332
75,179,611
75,196,706
75,200,106
76,3,833
76,6,222
76,21,986
76,51,676
76,52,348
76,68,316
76,79,159
76,90,356
76,112,66
76,120,20
76,129,72
76,145,391
76,155,226
76,175,824
76,186,82
76,187,363
76,190,133
76,199,336
77,5,144
77,21,935
77,27,21
77,58,914
77,59,742
77,69,190
77,71,562
77,83,189
77,86,356
77,88,170
77,94,616
77,101,212
77,109,55
77,146,785
77,147,729
77,150,102
77,151,137
77,165,788
77,174,280
77,181,642
77,184,674
77,187,37
77,196,462
78,1,340
78,6,185
78,10,70
78,31,611
78,37,781
78,56,258
78,62,73
78,69,227
78,70,723
78,74,305
78,79,290
78,84,877
78,85,40
78,86,92
78,87,834
78,94,516
78,97,24
78,102,772
78,107,955
78,114,122
78,117,201
78,131,957
78,137,257
78,143,373
78,147,35
78,151,643
78,167,304
78,175,956
78,178,480
78,186,781
79,6,896
79,18,288
79,49,276
79,50,253
79,54,870
79,58,615
79,94,28
79,97,236
79,119,632
79,136,922
79,141,844
79,156,361
79,167,866
79,193,25
79,197,168
80,5,234
80,11,307
80,17,169
80,70,429
80,72,807
80,88,668
80,103,385
80,118,427
80,151,425
80,153,747
80,157,49
80,168,585
80,170,843
80,180,922
80,198,495
81,6,393
81,25,774
81,35,901
81,38,564
81,52,795
81,57,548
81,65,420
81,66,176
81,69,470
81,71,537
81,74,369
81,82,810
81,117,606
81,118,928
81,127,270
81,142,326
81,143,979
81,152,19
81,156,576
82,3,179
82,5,298
82,9,108
82,11,666
82,14,934
82,39,724
82,49,42
82,56,461
82,97,480
82,110,36
82,121,39
82,136,482
82,141,788
82,155,266
82,158,131
82,178,117
82,187,803
82,193,424
83,12,996
83,26,751
83,37,824
83,41,644
83,56,544
83,60,16
83,61,837
83,64,388
83,65,637
83,72,18
83,80,282
83,86,437
83,88,153
83,101,214
83,104,267
83,106,359
83,107,324
83,120,228
83,123,139
83,132,590
83,135,150
83,150,618
83,160,617
83,166,744
83,171,139
83,178,487
83,186,458
83,189,194
83,191,247
84,14,756
84,25,553
84,28,90
84,44,863
84,64,944
84,66,24
84,67,622
84,73,883
84,93,597
84,114,515
84,133,492
84,135,538
84,139,11
84,145,374
84,150,614
84,152,294
84,155,515
84,160,536
84,169,895
84,171,977
84,189,440
85,8,57
85,11,691
85,24,624
85,38,242
85,41,851
85,43,272
85,50,938
85,55,786
85,63,3
85,68,807
85,81,984
85,82,718
85,99,339
85,103,500
85,116,914
85,126,75
85,148,115
85,150,269
85,161,31
85,166,146
85,175,638
85,180,55
85,185,358
85,192,575
85,197,355
86,2,294
86,5,450
86,8,505
86,14,285
86,24,209
86,32,592
86,33,854
86,44,264
86,73,528
86,94,546
86,95,715
86,97,479
86,119,972
86,133,642
86,138,352
86,146,365
86,167,956
86,169,411
86,185,197
86,195,360
86,196,835
86,197,908
87,9,561
87,21,924
87,30,916
87,39,164
87,44,668
87,45,160
87,52,575
87,60,210
87,61,911
87,64,13
87,72,853
87,89,271
87,99,56
87,113,119
87,126,450
87,134,213
87,146,214
87,154,251
87,161,273
87,165,635
87,173,880
87,177,432
87,178,981
87,184,550
87,195,864
88,1,909
88,14,451
88,26,619
88,30,642
88,37,328
88,47,963
88,52,81
88,68,931
88,81,983
88,84,682
88,93,922
88,105,758
88,106,350
88,114,25
88,117,590
88,120,594
88,135,285
88,136,820
88,137,373
88,138,355
88,142,256
88,146,597
88,156,610
88,158,939
88,159,545
88,166,138
88,170,739
88,181,131
89,4,521
89,20,536
89,25,226
89,39,831
89,43,682
89,74,941
89,80,641
89,92,323
89,93,874
89,100,693
89,103,856
89,132,442
89,133,790
89,135,7
89,138,540
89,154,751
89,159,163
89,168,38
89,181,862
89,189,779
89,199,477
90,4,795
90,7,618
90,19,834
90,24,2
90,33,565
90,43,698
90,46,159
90,59,438
90,84,202
90,99,321
90,112,724
90,120,545
90,128,615
90,132,818
90,133,205
90,153,485
90,163,866
90,167,299
90,178,794
90,184,675
90,187,592
90,195,205
91,5,735
91,6,450
91,13,558
91,20,514
91,27,537
91,34,692
91,36,757
91,55,756
91,65,327
91,89,900
91,90,765
91,100,353
91,106,796
91,112,903
91,114,619
91,118,170
91,125,946
91,128,644
91,181,991
91,184,23
91,187,718
91,199,335
92,15,738
92,17,321
92,19,894
92,33,447
92,43,918
92,53,315
92,58,638
92,61,632
92,62,469
92,64,842
92,78,923
92,81,189
92,99,481
92,104,492
92,117,411
92,120,111
92,123,313
92,124,940
92,129,482
92,131,89
92,140,940
92,161,72
92,167,993
92,168,113
92,169,590
92,181,707
92,189,159
92,199,566
93,13,398
93,18,466
93,23,654
93,38,346
93,42,668
93,45,929
93,53,896
93,66,709
93,71,365
93,82,750
93,97,861
93,108,978
93,139,493
93,141,409
93,151,177
93,158,555
93,172,786
93,173,509
94,2,753
94,39,210
94,41,333
94,42,1000
94,43,221
94,44,858
94,48,991
94,52,719
94,56,184
94,69,668
94,83,366
94,84,99
94,92,147
94,98,68
94,110,991
94,111,872
94,120,244
94,121,472
94,144,906
94,155,662
94,187,156
95,10,322
95,21,126
95,22,1000
95,23,590
95,35,668
95,48,483
95,54,129
95,66,135
95,67,660
95,78,556
95,79,876
95,87,896
95,101,848
95,111,560
95,113,455
95,121,742
95,128,575
95,133,36
95,136,482
95,159,514
95,168,957
95,185,280
95,196,903
95,199,786
96,5,128
96,6,725
96,14,334
96,21,687
96,26,125
96,42,725
96,43,90
96,60,111
96,63,514
96,70,591
96,71,925
96,75,148
96,79,42
96,80,904
96,85,568
96,86,717
96,87,883
96,105,270
96,107,659
96,112,717
96,114,591
96,117,373
96,126,213
96,128,946
96,133,201
96,134,49
96,142,517
96,148,674
96,157,660
96,158,204
96,159,5
96,163,166
96,180,201
96,185,846
96,186,573
96,193,521
97,12,791
97,15,38
97,16,229
97,29,39
97,35,986
97,38,412
97,49,349
97,55,264
97,94,176
97,95,699
97,115,384
97,121,857
97,133,999
97,147,864
97,154,321
97,167,671
97,189,666
97,190,344
98,17,999
98,25,189
98,31,376
98,34,785
98,35,966
98,67,983
98,82,127
98,93,122
98,99,946
98,103,172
98,105,463
98,110,755
98,126,807
98,130,712
98,154,363
98,167,583
98,174,475
98,179,311
98,183,995
98,184,627
98,196,24
98,200,651
99,37,569
99,39,811
99,45,184
99,61,433
99,62,32
99,63,276
99,70,823
99,79,998
99,109,687
99,123,779
99,145,943
99,149,504
99,162,234
99,174,134
99,185,481
99,190,811
100,11,903
100,14,363
100,19,103
100,41,183
100,42,392
100,58,495
100,61,230
100,64,28
100,66,560
100,68,953
100,76,620
100,83,475
100,94,32
100,102,667
100,104,458
100,112,951
100,126,809
100,152,149
100,154,713
100,157,609
100,163,484
100,187,681
101,3,307
101,27,573
101,30,522
101,39,251
101,42,978
101,47,35
101,51,364
101,62,23
101,70,252
101,80,108
101,81,134
101,89,399
101,94,834
101,99,704
101,109,161
101,126,215
101,145,905
101,147,576
101,164,336
101,173,706
101,178,626
101,196,46
102,1,417
102,3,871
102,6,694
102,8,497
102,23,703
102,28,239
102,29,23
102,36,149
102,39,44
102,42,924
102,44,503
102,46,467
102,47,44
102,48,769
102,50,314
102,58,512
102,64,936
102,82,454
102,89,123
102,93,979
102,94,260
102,98,671
102,103,497
102,104,962
102,113,242
102,137,798
102,154,20
102,161,637
102,162,295
102,163,260
102,166,269
102,178,38
102,180,366
102,187,832
102,196,844
102,199,155
103,3,750
103,9,220
103,19,806
103,32,446
103,62,655
103,67,108
103,70,780
103,112,228
103,124,179
103,126,967
103,128,51
103,129,508
103,140,507
103,143,267
103,153,907
103,156,256
103,166,639
103,187,860
103,192,943
104,9,62
104,19,381
104,23,759
104,30,553
104,34,373
104,36,100
104,41,351
104,61,376
104,68,633
104,112,904
104,127,456
104,142,346
104,147,455
104,148,105
104,149,775
104,167,586
104,179,457
105,2,731
105,5,750
105,18,834
105,25,34
105,40,223
105,45,377
105,48,564
105,64,750
105,71,685
105,73,163
105,87,198
105,93,937
105,107,566
105,116,100
105,133,685
105,140,309
105,155,934
105,156,85
105,166,861
105,171,40
106,2,114
106,4,812
106,17,209
106,19,552
106,23,114
106,46,971
106,51,841
106,62,879
106,81,907
106,85,460
106,94,133
106,104,869
106,124,353
106,132,364
106,140,849
106,146,976
106,157,356
106,174,469
106,188,843
106,189,201
106,191,337
106,197,391
107,5,266
107,30,520
107,42,236
107,48,627
107,63,817
107,69,164
107,75,436
107,77,210
107,87,282
107,94,494
107,100,735
107,110,648
107,111,843
107,123,237
107,127,314
107,128,109
107,153,207
107,162,206
107,166,560
107,181,84
107,186,726
108,3,350
108,7,735
108,15,423
108,57,331
108,58,609
108,59,543
108,63,828
108,71,224
108,74,798
108,79,307
108,86,308
108,119,841
108,120,655
108,122,185
108,129,224
108,130,720
108,157,583
108,165,835
108,181,308
108,183,975
108,185,558
108,191,938
108,194,50
109,1,672
109,4,76
109,13,175
109,15,518
109,16,709
109,20,126
109,29,487
109,32,220
109,65,442
109,76,568
109,81,146
109,89,650
109,93,720
109,100,642
109,102,849
109,112,714
109,129,167
109,133,451
109,155,704
109,161,190
109,175,271
109,177,735
109,179,782
109,189,785
109,190,363
109,192,569
109,194,770
109,195,829
110,10,186
110,26,490
110,29,217
110,51,890
110,62,653
110,64,807
110,68,126
110,80,597
110,91,696
110,101,853
110,103,582
110,108,873
110,114,406
110,137,69
110,141,887
110,147,137
110,172,417
110,180,527
110,185,887
110,196,205
111,10,590
111,31,876
111,35,77
111,63,154
111,67,99
111,74,325
111,84,817
111,90,742
111,97,737
111,98,74
111,103,886
111,104,838
111,109,563
111,115,363
111,145,857
111,172,381
111,180,129
111,181,835
111,185,241
111,200,639
112,13,82
112,15,102
112,21,604
112,33,748
112,35,224
112,47,992
112,58,457
112,59,711
112,60,918
112,95,230
112,116,582
112,125,398
112,126,136
112,128,210
112,137,348
112,138,615
112,155,260
112,188,893
112,196,340
113,4,771
113,32,796
113,36,396
113,42,168
113,51,824
113,68,55
113,75,680
113,80,739
113,96,189
113,104,101
113,120,606
113,127,985
113,160,274
113,166,629
113,176,186
113,180,3
113,184,758
113,187,801
114,1,522
114,7,16
114,35,76
114,36,992
114,43,78
114,45,740
114,53,202
114,55,297
114,75,381
114,86,690
114,105,393
114,116,270
114,121,228
114,134,296
114,142,163
114,170,883
114,189,687
115,19,195
115,63,423
115,65,807
115,72,970
115,78,302
115,87,455
115,95,844
115,109,829
115,112,855
115,122,789
115,127,122
115,133,817
115,156,44
115,157,313
115,158,842
115,182,99
115,189,383
115,190,243
115,198,881
116,2,484
116,9,487
116,12,753
116,13,253
116,24,914
116,37,586
116,51,319
116,64,772
116,75,51
116,76,339
116,77,92
116,95,904
116,100,194
116,128,967
116,130,790
116,131,263
116,144,44
116,155,193
116,161,412
116,167,381
116,195,826
116,199,784
117,13,739
117,23,690
117,30,723
117,33,540
117,43,367
117,52,398
117,66,139
117,83,74
117,120,450
117,138,45
117,148,907
117,165,615
117,168,173
117,173,715
117,187,204
118,11,395
118,13,542
118,20,637
118,21,969
118,90,684
118,95,882
118,108,702
118,109,424
118,117,269
118,132,855
118,145,626
118,151,18
118,155,413
118,160,358
118,166,517
118,171,809
118,173,964
118,190,942
118,200,320
119,1,483
119,2,234
119,9,515
119,44,182
119,70,485
119,71,816
119,85,295
119,88,97
119,90,592
119,97,611
119,109,13
119,111,32
119,121,343
119,125,214
119,126,347
119,128,500
119,129,804
119,131,178
119,143,460
119,151,145
119,169,601
119,171,738
119,173,350
119,174,815
119,178,932
120,29,6
120,31,690
120,49,280
120,57,70
120,60,820
120,69,845
120,85,131
120,86,664
120,105,715
120,107,186
120,136,450
120,158,676
120,162,123
120,164,636
120,170,715
120,173,483
120,176,18
120,196,635
121,17,908
121,19,928
121,34,348
121,38,394
121,44,125
121,46,225
121,52,95
121,55,180
121,70,203
121,72,583
121,73,943
121,75,427
121,80,187
121,81,894
121,106,527
121,127,832
121,129,152
121,139,960
121,145,77
121,146,530
121,156,157
121,173,931
121,177,887
121,188,601
121,198,271
122,2,600
122,29,415
122,32,791
122,47,794
122,52,38
122,57,794
122,77,826
122,90,533
122,97,735
122,102,109
122,105,699
122,112,644
122,121,160
122,128,960
122,138,454
122,145,732
122,163,908
122,168,155
122,173,492
122,181,97
122,187,100
122,189,91
122,191,176
122,193,156
122,200,41
123,3,357
123,7,189
123,17,483
123,36,237
123,38,700
123,43,675
123,55,294
123,56,179
123,60,335
123,75,424
123,76,194
123,93,178
123,103,626
123,125,721
123,135,979
123,136,723
123,161,947
123,163,331
123,179,348
123,181,110
123,193,219
124,2,748
124,6,720
124,7,702
124,18,701
124,22,734
124,25,968
124,34,514
124,35,69
124,47,127
124,48,246
124,50,270
124,63,473
124,66,355
124,71,233
124,75,537
124,85,964
124,96,193
124,116,469
124,123,842
124,142,205
124,148,637
124,178,510
124,194,482
124,195,700
125,2,537
125,6,356
125,10,597
125,15,387
125,25,289
125,26,604
125,36,353
125,37,382
125,47,644
125,50,908
125,71,637
125,72,142
125,73,466
125,75,890
125,79,154
125,81,404
125,103,838
125,132,166
125,159,895
125,163,678
125,164,724
125,180,207
125,185,631
126,20,843
126,24,684
126,29,564
126,61,714
126,79,448
126,83,386
126,88,347
126,90,735
126,93,525
126,94,153
126,99,134
126,105,477
126,114,920
126,118,677
126,120,508
126,121,630
126,157,649
126,159,373
126,160,372
126,162,333
126,168,236
126,169,697
126,170,854
126,177,596
126,178,40
126,185,218
126,188,713
126,191,315
127,21,220
127,31,693
127,51,173
127,62,735
127,66,276
127,69,526
127,72,516
127,91,693
127,94,742
127,102,351
127,111,830
127,114,14
127,120,940
127,122,955
127,123,110
127,133,554
127,149,927
127,154,875
127,158,608
127,164,276
127,167,724
127,170,623
127,176,406
127,187,471
127,188,966
127,194,665
127,199,714
128,9,397
128,18,109
128,21,320
128,25,955
128,29,1
128,41,412
128,47,447
128,48,159
128,54,403
128,70,351
128,71,78
128,72,541
128,83,383
128,93,831
128,98,529
128,105,264
128,115,670
128,118,739
128,123,417
128,139,768
128,145,322
128,159,750
128,162,909
128,165,771
128,172,416
128,177,864
128,178,383
128,183,133
128,188,881
128,190,803
128,195,389
129,6,641
129,27,956
129,33,499
129,44,961
129,46,895
129,69,390
129,80,846
129,81,681
129,89,316
129,90,372
129,91,335
129,102,479
129,107,507
129,114,880
129,115,714
129,117,916
129,137,439
129,139,638
129,143,227
129,144,983
129,146,39
129,147,360
129,165,532
129,175,949
129,179,202
129,184,562
129,186,211
129,188,38
129,189,293
130,16,979
130,18,796
130,33,249
130,37,177
130,42,744
130,45,281
130,46,63
130,55,864
130,72,832
130,86,716
130,89,244
130,92,663
130,95,369
130,114,683
130,118,615
130,123,488
130,126,457
130,139,641
130,140,390
130,144,863
130,153,878
130,159,193
130,160,565
130,179,578
130,183,295
130,189,279
130,191,545
131,9,649
131,13,871
131,23,877
131,26,146
131,28,820
131,29,360
131,31,597
131,60,810
131,66,135
131,67,741
131,74,315
131,85,217
131,91,225
131,94,265
131,98,514
131,106,876
131,108,455
131,120,937
131,121,39
131,123,755
131,127,975
131,136,896
131,152,225
131,165,20
131,177,259
131,179,263
132,1,967
132,7,842
132,9,654
132,22,416
132,24,153
132,25,159
132,27,10
132,32,652
132,37,121
132,53,324
132,57,707
132,59,488
132,60,275
132,67,222
132,70,907
132,75,572
132,78,13
132,85,460
132,109,46
132,115,126
132,122,737
132,126,106
132,155,931
132,157,594
132,163,661
132,182,612
132,184,405
132,186,769
132,191,746
132,195,719
132,199,683
133,1,411
133,4,310
133,44,166
133,49,530
133,52,537
133,81,15
133,82,126
133,110,515
133,113,369
133,148,641
133,152,12
133,154,343
133,155,782
133,161,326
133,176,806
133,186,309
133,187,708
133,196,557
134,1,605
134,2,602
134,8,917
134,11,647
134,16,645
134,19,743
134,24,512
134,29,251
134,66,284
134,80,125
134,85,840
134,88,604
134,92,991
134,98,691
134,102,390
134,112,195
134,116,739
134,121,92
134,122,836
134,128,771
134,133,337
134,162,436
134,169,874
134,170,308
134,187,166
134,190,33
134,191,206
134,194,856
135,6,50
135,7,891
135,19,327
135,22,710
135,35,559
135,39,511
135,42,314
135,47,767
135,52,932
135,64,72
135,70,352
135,76,331
135,94,357
135,103,405
135,116,182
135,118,954
135,119,788
135,122,975
135,126,695
135,130,788
135,141,86
135,173,838
135,182,186
135,200,661
136,31,894
136,37,952
136,42,824
136,44,612
136,45,330
136,67,305
136,68,863
136,75,31
136,81,129
136,101,237
136,105,143
136,106,500
136,111,87
136,126,9
136,155,833
136,156,56
136,158,437
136,160,752
136,168,537
136,170,192
136,174,302
136,186,356
137,1,530
137,4,617
137,9,997
137,27,815
137,39,663
137,43,144
137,47,268
137,50,174
137,58,508
137,73,629
137,80,422
137,91,964
137,93,15
137,98,863
137,101,667
137,103,798
137,106,78
137,108,30
137,136,182
137,167,16
137,179,647
137,181,152
137,187,572
138,1,676
138,16,851
138,40,866
138,47,324
138,53,925
138,58,590
138,60,37
138,71,976
138,74,569
138,77,113
138,80,765
138,81,561
138,98,892
138,119,786
138,134,953
138,155,339
138,166,385
138,168,796
138,189,367
139,5,926
139,15,166
139,20,10
139,29,979
139,38,119
139,40,313
139,49,979
139,72,586
139,79,957
139,82,430
139,95,509
139,97,74
139,112,574
139,120,198
139,131,882
139,132,595
139,134,119
139,186,482
139,187,540
139,199,775
140,1,96
140,10,175
140,16,181
140,29,87
140,49,142
140,64,831
140,68,178
140,71,698
140,77,650
140,78,75
140,79,219
140,97,189
140,111,656
140,114,541
140,115,59
140,117,17
140,121,866
140,137,498
140,138,311
140,141,872
140,143,387
140,150,115
140,154,906
140,165,910
140,172,230
140,194,992
141,18,300
141,27,925
141,31,201
141,44,343
141,74,150
141,81,323
141,103,118
141,108,365
141,127,909
141,155,667
141,160,784
141,169,714
141,174,855
141,191,769
142,5,563
142,25,931
142,30,483
142,33,230
142,34,100
142,50,764
142,66,279
142,85,266
142,86,782
142,100,44
142,103,848
142,111,411
142,116,117
142,132,24
142,139,775
142,140,55
142,144,289
142,160,303
142,170,634
142,172,757
142,174,16
142,193,252
143,4,571
143,7,967
143,11,208
143,29,502
143,52,517
143,54,858
143,71,153
143,72,354
143,82,169
143,92,824
143,108,182
143,109,530
143,111,465
143,127,181
143,131,957
143,148,872
143,158,925
143,159,851
143,179,256
143,188,784
143,194,187
143,195,103
144,2,601
144,11,689
144,25,411
144,46,67
144,55,33
144,61,60
144,104,252
144,105,675
144,118,99
144,127,300
144,139,169
144,159,259
144,163,630
144,165,412
144,174,803
144,189,104
145,2,586
145,5,432
145,7,26
145,28,492
145,46,560
145,57,857
145,69,689
145,72,609
145,81,877
145,83,136
145,87,930
145,88,604
145,97,958
145,100,273
145,116,794
145,117,294
145,130,526
145,136,699
145,142,132
145,160,232
145,171,922
145,181,460
145,187,789
145,190,479
145,200,244
146,4,710
146,5,950
146,28,564
146,35,224
146,54,233
146,98,886
146,109,258
146,118,728
146,126,931
146,132,342
146,133,513
146,135,905
146,161,226
146,165,585
146,170,931
146,176,216
146,186,238
146,197,492
146,198,767
147,3,361
147,9,399
147,48,997
147,63,593
147,64,912
147,67,820
147,74,596
147,85,465
147,105,749
147,106,370
147,119,846
147,132,524
147,136,128
147,137,777
147,138,707
147,166,187
147,192,234
147,197,558
148,8,459
148,37,391
148,40,413
148,47,534
148,49,795
148,76,994
148,79,205
148,92,981
148,95,556
148,102,438
148,119,677
148,123,635
148,125,373
148,127,961
148,142,593
148,160,810
148,169,819
148,183,680
148,194,377
148,195,18
148,199,820
149,3,316
149,11,734
149,31,981
149,33,9
149,37,451
149,41,386
149,45,890
149,70,418
149,78,799
149,82,485
149,88,757
149,108,537
149,109,329
149,113,433
149,118,855
149,123,125
149,139,1
149,144,982
149,153,137
149,163,975
149,179,983
149,180,182
149,189,198
149,190,852
149,191,47
150,8,419
150,16,117
150,31,704
150,53,207
150,72,347
150,80,337
150,90,445
150,93,517
150,97,335
150,103,251
150,112,601
150,158,409
150,164,656
150,165,318
150,199,537
151,7,536
151,23,290
151,29,83
151,31,469
151,39,51
151,50,497
151,51,822
151,63,316
151,64,387
151,73,21
151,82,135
151,92,941
151,99,952
151,101,795
151,106,631
151,111,575
151,115,318
151,120,208
151,132,66
151,134,148
151,135,646
151,137,701
151,146,194
151,147,473
151,157,165
151,159,732
151,168,17
151,169,2
151,181,325
151,183,552
151,184,326
151,186,777
151,195,926
151,196,600
151,198,70
152,6,822
152,10,718
152,35,509
152,36,330
152,45,971
152,48,344
152,88,841
152,94,251
152,99,380
152,114,933
152,116,738
152,122,143
152,137,225
152,154,581
152,165,794
152,180,454
152,183,352
152,190,660
152,191,473
152,192,338
152,195,160
153,2,476
153,10,321
153,13,795
153,26,428
153,27,692
153,34,481
153,39,149
153,46,944
153,50,688
153,52,516
153,60,900
153,75,866
153,84,820
153,89,103
153,93,915
153,94,474
153,110,386
153,117,321
153,122,723
153,131,752
153,138,689
153,156,102
153,158,749
153,164,218
153,173,61
153,184,417
153,186,653
154,7,238
154,8,934
154,36,755
154,54,876
154,62,630
154,65,299
154,73,896
154,74,890
154,76,946
154,78,651
154,94,430
154,134,272
154,135,727
154,142,47
154,150,419
154,156,401
154,179,398
154,195,790
154,198,507
155,3,371
155,4,679
155,25,136
155,27,427
155,28,602
155,47,882
155,72,141
155,86,255
155,91,745
155,108,888
155,121,14
155,128,417
155,153,306
155,190,677
155,193,114
156,14,496
156,30,171
156,42,524
156,59,180
156,69,905
156,74,121
156,78,55
156,80,304
156,84,152
156,85,167
156,90,559
156,92,614
156,112,36
156,117,994
156,126,291
156,151,9
156,159,147
156,163,390
156,178,70
156,179,546
156,192,826
156,197,366
156,199,792
157,18,55
157,21,311
157,29,395
157,59,247
157,65,533
157,79,133
157,88,714
157,93,110
157,101,797
157,104,634
157,120,268
157,121,362
157,122,365
157,130,551
157,134,463
157,143,796
157,146,405
157,164,323
157,170,836
157,171,824
157,177,624
157,179,459
157,182,679
158,25,351
158,60,111
158,61,831
158,62,209
158,80,352
158,90,842
158,110,860
158,121,28
158,129,871
158,137,567
158,155,714
158,159,348
158,167,419
158,171,362
158,173,275
158,175,644
158,180,792
158,187,581
158,193,770
159,1,900
159,11,937
159,14,549
159,24,436
159,67,584
159,75,966
159,76,244
159,112,538
159,132,560
159,136,353
159,138,350
159,171,453
159,181,203
159,184,393
159,186,854
159,190,900
159,199,853
160,5,184
160,10,64
160,34,34
160,40,578
160,48,6
160,49,1000
160,55,111
160,63,832
160,65,116
160,73,691
160,74,15
160,79,224
160,91,683
160,96,900
160,103,72
160,104,636
160,106,435
160,119,937
160,131,691
160,138,419
160,139,59
160,158,705
160,162,910
160,184,93
160,195,72
161,6,252
161,11,534
161,13,932
161,22,328
161,28,61
161,39,935
161,41,552
161,44,918
161,55,950
161,56,908
161,64,901
161,90,311
161,104,898
161,135,365
161,153,710
161,155,173
161,158,260
161,173,140
161,174,570
161,197,115
162,22,326
162,35,767
162,38,623
162,44,781
162,65,930
162,68,751
162,103,516
162,114,403
162,115,567
162,139,975
162,150,26
162,182,154
162,198,417
162,200,603
163,16,445
163,35,838
163,37,150
163,46,467
163,55,375
163,67,673
163,73,419
163,82,530
163,85,942
163,89,797
163,94,306
163,99,863
163,104,244
163,107,677
163,109,376
163,113,665
163,117,649
163,119,652
163,120,281
163,138,678
163,146,49
163,155,793
163,157,316
163,193,319
163,194,679
163,195,111
163,196,238
163,197,670
163,200,807
164,10,277
164,19,371
164,20,894
164,23,784
164,25,494
164,28,597
164,58,621
164,67,537
164,70,948
164,72,34
164,73,736
164,74,695
164,79,366
164,94,435
164,103,141
164,163,608
164,179,427
164,190,470
165,1,356
165,2,432
165,4,554
165,19,441
165,39,383
165,40,848
165,54,479
165,56,633
165,57,252
165,100,780
165,119,35
165,120,177
165,122,847
165,132,933
165,138,386
165,142,230
165,147,13
165,154,652
165,166,303
165,174,117
165,183,762
165,188,213
165,194,784
165,196,998
165,200,405
166,5,58
166,14,213
166,23,135
166,72,821
166,75,200
166,86,788
166,101,111
166,108,253
166,122,772
166,130,671
166,169,450
166,171,422
166,172,312
166,190,561
166,191,992
166,193,320
167,32,754
167,38,114
167,39,368
167,55,239
167,60,487
167,67,706
167,69,592
167,87,129
167,95,830
167,100,205
167,122,722
167,123,373
167,139,329
167,147,967
167,155,395
167,157,874
167,165,805
167,178,549
167,184,200
167,185,57
167,186,733
167,199,365
168,2,206
168,6,616
168,9,931
168,10,637
168,20,929
168,23,331
168,25,131
168,61,190
168,79,593
168,82,948
168,97,296
168,103,191
168,107,92
168,127,536
168,128,303
168,131,1000
168,142,282
168,144,117
168,153,271
168,154,2
168,156,506
168,163,44
168,167,188
168,174,795
168,175,769
168,182,684
168,183,32
168,189,1
168,192,675
169,1,515
169,2,559
169,7,973
169,8,163
169,12,178
169,21,322
169,31,93
169,50,206
169,73,629
169,80,398
169,88,649
169,107,62
169,128,184
169,137,436
169,139,87
169,144,81
169,146,482
169,157,340
169,162,64
169,186,975
169,189,934
169,190,998
169,191,210
170,14,970
170,16,611
170,19,994
170,37,631
170,38,139
170,54,923
170,58,92
170,65,791
170,67,315
170,68,648
170,69,559
170,70,236
170,74,777
170,76,674
170,81,853
170,87,463
170,93,848
170,100,320
170,111,927
170,121,256
170,124,968
170,129,281
170,131,98
170,141,19
170,143,34
170,145,86
170,156,626
170,158,104
170,161,260
170,162,837
170,184,4
170,186,19
171,42,185
171,46,288
171,49,198
171,52,115
171,55,441
171,62,173
171,75,501
171,81,462
171,87,36
171,111,747
171,121,666
171,122,877
171,152,459
171,165,200
171,178,480
171,186,472
172,2,485
172,16,929
172,24,918
172,25,418
172,34,240
172,35,62
172,37,25
172,46,904
172,51,192
172,68,541
172,77,260
172,78,986
172,102,940
172,116,338
172,121,812
172,129,26
172,157,608
172,160,799
172,167,459
172,170,933
172,185,735
172,186,189
172,196,306
173,3,336
173,4,96
173,6,945
173,8,736
173,9,668
173,11,985
173,30,485
173,31,656
173,45,1
173,51,525
173,53,827
173,57,128
173,66,752
173,74,508
173,84,111
173,89,927
173,100,612
173,105,344
173,113,142
173,128,934
173,142,719
173,144,776
173,148,243
173,149,492
173,150,366
173,155,638
173,156,754
173,165,844
173,180,183
173,199,57
174,9,591
174,24,417
174,26,682
174,29,981
174,71,73
174,84,934
174,85,187
174,95,425
174,96,303
174,108,669
174,110,310
174,134,571
174,137,772
174,139,535
174,150,565
174,152,417
174,169,40
174,177,811
174,190,368
174,191,239
175,2,462
175,6,855
175,13,549
175,29,57
175,43,322
175,47,956
175,53,41
175,62,281
175,65,40
175,72,458
175,83,583
175,111,810
175,126,781
175,130,142
175,133,863
175,135,824
175,144,889
175,147,627
175,163,498
175,169,883
175,186,610
176,5,429
176,7,204
176,47,940
176,49,14
176,58,377
176,61,438
176,62,769
176,67,818
176,70,333
176,88,47
176,89,924
176,91,266
176,98,324
176,105,92
176,111,719
176,123,65
176,129,656
176,131,122
176,137,193
176,141,967
176,156,875
176,158,692
176,160,707
176,162,809
176,164,15
176,165,932
176,170,581
176,173,980
176,188,406
177,3,267
177,16,925
177,17,377
177,25,806
177,27,917
177,30,883
177,41,275
177,48,851
177,57,326
177,79,734
177,82,4
177,85,138
177,91,602
177,92,239
177,106,818
177,111,372
177,122,42
177,123,696
177,146,414
177,154,314
177,159,497
177,162,155
177,165,940
177,166,290
177,171,714
177,183,480
177,185,618
177,186,230
177,189,658
177,194,179
178,1,455
178,3,75
178,23,867
178,29,138
178,34,502
178,46,563
178,53,839
178,55,374
178,89,291
178,93,414
178,98,363
178,107,159
178,131,573
178,133,76
178,134,809
178,144,540
178,145,791
178,175,765
179,28,286
179,32,166
179,37,203
179,53,890
179,86,140
179,90,512
179,119,557
179,135,370
179,136,901
179,138,959
179,141,737
179,147,172
179,150,211
179,153,467
179,155,575
179,184,562
179,196,592
180,13,267
180,25,403
180,45,957
180,60,646
180,64,789
180,77,79
180,83,448
180,115,129
180,117,513
180,132,332
180,142,328
180,143,810
180,150,658
180,163,954
180,178,602
181,9,312
181,12,797
181,37,925
181,64,13
181,65,87
181,79,386
181,110,755
181,116,32
181,138,519
181,158,886
181,165,444
181,185,889
181,187,526
181,199,28
182,5,112
182,11,552
182,21,529
182,51,922
182,54,569
182,56,825
182,60,363
182,64,824
182,67,554
182,86,596
182,87,190
182,90,134
182,92,919
182,103,483
182,106,716
182,108,514
182,116,112
182,146,254
182,159,878
182,161,271
182,178,163
182,180,797
182,184,455
182,189,12
182,199,911
183,3,553
183,20,768
183,35,172
183,39,49
183,42,702
183,47,31
183,48,304
183,50,109
183,53,246
183,80,244
183,86,191
183,90,211
183,95,560
183,99,315
183,100,681
183,106,519
183,114,186
183,129,185
183,131,472
183,134,629
183,139,336
183,166,758
183,169,682
183,171,595
183,172,889
183,193,168
183,195,390
183,200,975
184,11,991
184,22,431
184,48,288
184,50,500
184,51,50
184,65,965
184,67,355
184,95,395
184,97,836
184,112,856
184,115,100
184,121,963
184,130,948
184,136,558
184,138,969
184,140,71
184,143,313
184,145,531
184,152,522
184,155,846
184,164,594
184,173,412
184,175,531
184,196,648
184,197,728
185,8,619
185,9,310
185,23,792
185,38,796
185,56,220
185,68,277
185,70,206
185,80,105
185,88,148
185,98,427
185,109,500
185,117,843
185,129,458
185,132,876
185,136,861
185,138,151
185,149,917
185,154,643
185,163,178
185,166,653
185,176,45
185,184,300
185,189,31
186,4,490
186,11,262
186,14,36
186,20,383
186,26,268
186,35,721
186,36,967
186,77,456
186,85,869
186,91,536
186,98,148
186,102,929
186,115,241
186,134,103
186,147,931
186,156,960
187,2,455
187,26,917
187,31,764
187,42,826
187,54,558
187,74,337
187,93,483
187,95,419
187,116,891
187,123,695
187,135,964
187,151,890
187,157,951
187,160,31
187,161,866
187,166,858
187,200,791
188,6,876
188,12,975
188,72,77
188,110,194
188,113,215
188,115,726
188,122,859
188,145,978
188,151,658
188,154,566
188,162,862
188,163,113
188,186,147
188,198,490
189,1,244
189,6,289
189,19,527
189,28,879
189,30,261
189,42,622
189,44,265
189,48,185
189,54,347
189,60,399
189,67,562
189,68,545
189,71,527
189,74,138
189,79,796
189,101,803
189,104,743
189,110,89
189,124,144
189,125,629
189,126,451
189,127,974
189,128,363
189,135,940
189,145,242
189,160,184
189,166,462
189,184,127
190,12,875
190,15,825
190,46,340
190,77,459
190,84,715
190,86,261
190,105,337
190,154,121
190,158,407
190,161,673
190,175,603
190,176,31
190,191,233
191,2,980
191,10,819
191,24,33
191,64,910
191,66,389
191,75,142
191,85,603
191,89,638
191,109,19
191,110,193
191,116,239
191,128,393
191,133,225
191,145,643
191,159,195
191,172,373
191,192,929
191,198,515
192,4,543
192,12,296
192,15,659
192,18,448
192,31,180
192,40,978
192,45,377
192,46,337
192,52,379
192,53,415
192,68,594
192,82,685
192,90,962
192,106,599
192,110,244
192,115,562
192,126,788
192,127,350
192,128,1
192,129,721
192,149,535
192,162,593
192,172,144
192,174,623
192,183,958
192,195,723
193,10,740
193,13,561
193,23,616
193,25,909
193,32,714
193,48,415
193,59,946
193,60,29
193,63,895
193,81,747
193,87,670
193,93,308
193,102,193
193,103,807
193,110,821
193,111,868
193,112,853
193,119,676
193,132,645
193,147,942
193,165,398
193,176,748
193,178,267
193,182,416
193,187,983
193,195,935
193,197,295
194,4,3
194,14,674
194,19,276
194,41,101
194,42,565
194,46,521
194,55,751
194,63,120
194,71,698
194,75,198
194,79,827
194,89,512
194,94,905
194,139,769
194,146,992
194,158,364
194,161,1000
194,173,495
194,175,473
194,179,150
194,191,191
194,199,5
195,3,676
195,12,147
195,23,534
195,42,366
195,57,713
195,60,809
195,72,701
195,89,998
195,100,665
195,101,684
195,104,38
195,125,803
195,129,713
195,131,346
195,145,258
195,150,46
195,156,705
195,162,97
195,172,470
195,179,54
196,2,574
196,18,946
196,51,409
196,63,534
196,91,511
196,113,798
196,116,684
196,127,621
196,141,463
196,149,438
196,154,883
196,156,114
196,160,134
196,170,421
196,175,948
196,182,448
196,185,488
196,191,297
196,195,988
197,21,456
197,23,56
197,39,95
197,43,794
197,45,95
197,47,715
197,50,774
197,70,288
197,90,675
197,95,837
197,116,269
197,121,784
197,133,193
197,134,600
197,135,60
197,140,882
197,141,559
197,143,387
197,144,325
197,158,467
197,162,992
197,167,195
197,172,786
197,173,88
197,182,562
198,1,490
198,9,203
198,13,277
198,37,508
198,42,410
198,47,840
198,49,210
198,59,674
198,60,114
198,77,727
198,99,438
198,109,646
198,110,893
198,124,725
198,126,859
198,133,164
198,139,337
198,143,273
198,163,457
198,166,465
198,170,648
198,175,698
198,185,253
199,9,817
199,11,500
199,22,126
199,24,151
199,28,799
199,30,216
199,32,807
199,33,780
199,35,112
199,40,102
199,44,415
199,52,874
199,56,986
199,69,508
199,80,73
199,106,16
199,114,94
199,118,845
199,121,216
199,131,866
199,140,508
199,153,201
199,154,691
199,180,276
200,23,705
200,29,902
200,34,212
200,40,471
200,43,690
200,48,622
200,67,254
200,69,470
200,71,920
200,73,326
200,76,93
200,95,896
200,134,136
200,137,929
200,148,89
200,150,181
200,151,624
200,159,223
200,169,676
200,175,932
200,185,392
200,190,108
200,198,175
